plan  1
0 1
1 2
2 3
3 4
4 5
5 6
6 7
7 8
7 9
6 10
5 11
4 12
3 13
2 14
1 15
0 16
plan  2
0 1
1 2
2 3
3 4
4 5
4 6
6 7
7 8
8 9
8 10
7 11
6 12
3 13
2 14
1 15
0 16
plan  3
0 1
1 2
2 3
3 4
4 5
4 6
6 7
7 8
8 9
8 10
7 11
6 12
3 13
2 14
1 15
0 16
plan  4
0 1
1 2
2 3
3 4
4 5
5 6
6 7
7 8
7 9
6 10
5 11
4 12
3 13
2 14
1 15
0 16
plan  5
0 1
1 2
2 3
3 4
4 5
5 6
6 7
7 8
7 9
6 10
5 11
4 12
3 13
2 14
1 15
0 16
plan  6
0 1
1 2
2 3
3 4
4 5
5 6
6 7
7 8
7 9
6 10
5 11
4 12
3 13
2 14
1 15
0 16
plan  7
0 1
1 2
2 3
3 4
4 5
5 6
5 7
7 8
8 9
8 10
7 11
4 12
3 13
2 14
1 15
0 16
plan  8
0 1
1 2
2 3
3 4
4 5
5 6
6 7
7 8
7 9
6 10
5 11
4 12
3 13
2 14
1 15
0 16
plan  9
0 1
1 2
2 3
3 4
4 5
4 6
6 7
7 8
8 9
8 10
7 11
6 12
3 13
2 14
1 15
0 16
plan  10
0 1
1 2
2 3
3 4
4 5
5 6
6 7
6 8
8 9
8 10
5 11
4 12
3 13
2 14
1 15
0 16
plan  11
0 1
1 2
2 3
3 4
4 5
5 6
6 7
7 8
7 9
6 10
5 11
4 12
3 13
2 14
1 15
0 16
plan  12
0 1
1 2
2 3
3 4
4 5
5 6
6 7
6 8
8 9
8 10
5 11
4 12
3 13
2 14
1 15
0 16
plan  13
0 1
1 2
2 3
3 4
4 5
5 6
6 7
7 8
7 9
6 10
5 11
4 12
3 13
2 14
1 15
0 16
plan  14
0 1
1 2
2 3
3 4
4 5
5 6
6 7
7 8
7 9
6 10
5 11
4 12
3 13
2 14
1 15
0 16
plan  15
0 1
1 2
2 3
3 4
3 5
5 6
6 7
7 8
8 9
8 10
7 11
6 12
5 13
2 14
1 15
0 16
plan  16
0 1
1 2
2 3
3 4
4 5
5 6
6 7
7 8
7 9
6 10
5 11
4 12
3 13
2 14
1 15
0 16
plan  17
0 1
1 2
2 3
3 4
4 5
5 6
6 7
7 8
7 9
6 10
5 11
4 12
3 13
2 14
1 15
0 16
plan  18
0 1
1 2
2 3
3 4
4 5
5 6
6 7
7 8
7 9
6 10
5 11
4 12
3 13
2 14
1 15
0 16
plan  19
0 1
1 2
2 3
3 4
4 5
5 6
6 7
7 8
7 9
6 10
5 11
4 12
3 13
2 14
1 15
0 16
plan  20
0 1
1 2
2 3
2 4
4 5
5 6
6 7
7 8
7 9
6 10
10 11
10 12
5 13
4 14
1 15
0 16
plan  21
0 1
1 2
2 3
3 4
4 5
5 6
6 7
7 8
7 9
6 10
5 11
4 12
3 13
2 14
1 15
0 16
plan  22
0 1
1 2
2 3
3 4
4 5
5 6
6 7
7 8
7 9
6 10
5 11
4 12
3 13
2 14
1 15
0 16
plan  23
0 1
1 2
2 3
3 4
4 5
5 6
6 7
7 8
7 9
6 10
5 11
4 12
3 13
2 14
1 15
0 16
plan  24
0 1
1 2
2 3
3 4
4 5
5 6
6 7
7 8
7 9
6 10
5 11
4 12
3 13
2 14
1 15
0 16
plan  25
0 1
1 2
2 3
3 4
4 5
5 6
6 7
7 8
7 9
6 10
5 11
4 12
3 13
2 14
1 15
0 16
plan  26
0 1
1 2
2 3
3 4
4 5
5 6
6 7
6 8
8 9
8 10
5 11
4 12
3 13
2 14
1 15
0 16
plan  27
0 1
1 2
2 3
3 4
4 5
5 6
6 7
7 8
7 9
6 10
5 11
4 12
3 13
2 14
1 15
0 16
plan  28
0 1
1 2
2 3
3 4
4 5
5 6
6 7
7 8
7 9
6 10
5 11
4 12
3 13
2 14
1 15
0 16
plan  29
0 1
1 2
2 3
3 4
4 5
4 6
6 7
7 8
8 9
8 10
7 11
6 12
3 13
2 14
1 15
0 16
plan  30
0 1
1 2
2 3
3 4
4 5
5 6
6 7
7 8
7 9
6 10
5 11
4 12
3 13
2 14
1 15
0 16
plan  31
0 1
1 2
2 3
3 4
4 5
5 6
6 7
7 8
7 9
6 10
5 11
4 12
3 13
2 14
1 15
0 16
plan  32
0 1
1 2
2 3
3 4
4 5
4 6
6 7
7 8
8 9
8 10
7 11
6 12
3 13
2 14
1 15
0 16
plan  33
0 1
1 2
2 3
3 4
4 5
5 6
5 7
7 8
8 9
8 10
7 11
4 12
3 13
2 14
1 15
0 16
plan  34
0 1
1 2
2 3
3 4
4 5
5 6
6 7
7 8
7 9
6 10
5 11
4 12
3 13
2 14
1 15
0 16
plan  35
0 1
1 2
2 3
3 4
4 5
5 6
6 7
6 8
8 9
8 10
5 11
4 12
3 13
2 14
1 15
0 16
plan  36
0 1
1 2
2 3
3 4
4 5
5 6
6 7
6 8
8 9
8 10
5 11
4 12
3 13
2 14
1 15
0 16
plan  37
0 1
1 2
2 3
2 4
4 5
5 6
6 7
7 8
8 9
8 10
7 11
6 12
5 13
4 14
1 15
0 16
plan  38
0 1
1 2
2 3
3 4
4 5
5 6
6 7
7 8
7 9
6 10
5 11
4 12
3 13
2 14
1 15
0 16
plan  39
0 1
1 2
2 3
3 4
4 5
5 6
5 7
7 8
8 9
8 10
7 11
4 12
3 13
2 14
1 15
0 16
plan  40
0 1
1 2
2 3
3 4
4 5
5 6
6 7
7 8
7 9
6 10
5 11
4 12
3 13
2 14
1 15
0 16
plan  41
0 1
1 2
2 3
3 4
4 5
5 6
6 7
7 8
7 9
6 10
5 11
4 12
3 13
2 14
1 15
0 16
plan  42
0 1
1 2
2 3
3 4
4 5
5 6
6 7
7 8
7 9
6 10
5 11
4 12
3 13
2 14
1 15
0 16
plan  43
0 1
1 2
2 3
3 4
4 5
5 6
6 7
7 8
7 9
6 10
5 11
4 12
3 13
2 14
1 15
0 16
plan  44
0 1
1 2
2 3
3 4
4 5
5 6
6 7
7 8
7 9
6 10
5 11
4 12
3 13
2 14
1 15
0 16
plan  45
0 1
1 2
2 3
3 4
4 5
5 6
6 7
6 8
5 9
9 10
9 11
4 12
3 13
2 14
1 15
0 16
plan  46
0 1
1 2
2 3
3 4
4 5
4 6
6 7
7 8
8 9
8 10
7 11
6 12
3 13
2 14
1 15
0 16
plan  47
0 1
1 2
2 3
3 4
4 5
5 6
6 7
7 8
7 9
6 10
5 11
4 12
3 13
2 14
1 15
0 16
plan  48
0 1
1 2
2 3
3 4
4 5
5 6
6 7
6 8
8 9
8 10
5 11
4 12
3 13
2 14
1 15
0 16
plan  49
0 1
1 2
1 3
0 4
4 5
5 6
6 7
7 8
8 9
8 10
10 11
10 12
7 13
6 14
5 15
4 16
plan  50
0 1
1 2
2 3
3 4
4 5
5 6
6 7
7 8
7 9
6 10
5 11
4 12
3 13
2 14
1 15
0 16
plan  51
0 1
1 2
2 3
3 4
4 5
5 6
6 7
7 8
7 9
6 10
5 11
4 12
3 13
2 14
1 15
0 16
plan  52
0 1
1 2
2 3
3 4
4 5
5 6
6 7
6 8
8 9
8 10
5 11
4 12
3 13
2 14
1 15
0 16
plan  53
0 1
1 2
2 3
3 4
4 5
5 6
6 7
7 8
7 9
6 10
5 11
4 12
3 13
2 14
1 15
0 16
plan  54
0 1
1 2
2 3
3 4
4 5
4 6
6 7
7 8
8 9
8 10
7 11
6 12
3 13
2 14
1 15
0 16
plan  55
0 1
1 2
2 3
3 4
4 5
5 6
6 7
7 8
7 9
6 10
5 11
4 12
3 13
2 14
1 15
0 16
plan  56
0 1
1 2
2 3
3 4
4 5
5 6
6 7
6 8
8 9
8 10
5 11
4 12
3 13
2 14
1 15
0 16
plan  57
0 1
1 2
2 3
3 4
4 5
5 6
6 7
7 8
7 9
6 10
5 11
4 12
3 13
2 14
1 15
0 16
plan  58
0 1
1 2
2 3
3 4
4 5
5 6
6 7
6 8
8 9
8 10
5 11
4 12
3 13
2 14
1 15
0 16
plan  59
0 1
1 2
2 3
3 4
4 5
5 6
6 7
7 8
7 9
6 10
5 11
4 12
3 13
2 14
1 15
0 16
plan  60
0 1
1 2
2 3
3 4
4 5
5 6
6 7
7 8
7 9
6 10
5 11
4 12
3 13
2 14
1 15
0 16
plan  61
0 1
1 2
2 3
3 4
4 5
5 6
6 7
7 8
7 9
6 10
5 11
4 12
3 13
2 14
1 15
0 16
plan  62
0 1
1 2
2 3
3 4
3 5
5 6
6 7
7 8
8 9
8 10
7 11
6 12
5 13
2 14
1 15
0 16
plan  63
0 1
1 2
2 3
3 4
4 5
5 6
6 7
6 8
5 9
4 10
3 11
2 12
1 13
13 14
13 15
0 16
plan  64
0 1
1 2
2 3
3 4
4 5
5 6
6 7
7 8
7 9
6 10
5 11
4 12
3 13
2 14
1 15
0 16
plan  65
0 1
1 2
2 3
3 4
4 5
5 6
6 7
7 8
7 9
6 10
5 11
4 12
3 13
2 14
1 15
0 16
plan  66
0 1
1 2
2 3
3 4
4 5
5 6
6 7
7 8
7 9
6 10
5 11
4 12
3 13
2 14
1 15
0 16
plan  67
0 1
1 2
2 3
3 4
4 5
5 6
6 7
7 8
7 9
6 10
5 11
4 12
3 13
2 14
1 15
0 16
plan  68
0 1
1 2
2 3
3 4
4 5
5 6
6 7
7 8
7 9
6 10
5 11
4 12
3 13
2 14
1 15
0 16
plan  69
0 1
1 2
2 3
3 4
4 5
4 6
6 7
7 8
8 9
8 10
7 11
6 12
3 13
2 14
1 15
0 16
plan  70
0 1
1 2
2 3
3 4
4 5
5 6
6 7
7 8
7 9
6 10
5 11
4 12
3 13
2 14
1 15
0 16
plan  71
0 1
1 2
2 3
3 4
4 5
5 6
6 7
7 8
7 9
6 10
5 11
4 12
3 13
2 14
1 15
0 16
plan  72
0 1
1 2
2 3
3 4
4 5
5 6
6 7
7 8
7 9
6 10
5 11
4 12
3 13
2 14
1 15
0 16
plan  73
0 1
1 2
2 3
3 4
4 5
5 6
6 7
7 8
7 9
6 10
5 11
4 12
3 13
2 14
1 15
0 16
plan  74
0 1
1 2
2 3
3 4
3 5
5 6
6 7
7 8
8 9
8 10
7 11
6 12
5 13
2 14
1 15
0 16
plan  75
0 1
1 2
2 3
3 4
4 5
5 6
5 7
7 8
8 9
8 10
7 11
4 12
3 13
2 14
1 15
0 16
plan  76
0 1
1 2
2 3
3 4
4 5
5 6
5 7
7 8
8 9
8 10
7 11
4 12
3 13
2 14
1 15
0 16
plan  77
0 1
1 2
2 3
3 4
4 5
5 6
6 7
7 8
7 9
6 10
5 11
4 12
3 13
2 14
1 15
0 16
plan  78
0 1
1 2
2 3
3 4
4 5
5 6
6 7
7 8
7 9
6 10
5 11
4 12
3 13
2 14
1 15
0 16
plan  79
0 1
1 2
2 3
3 4
4 5
5 6
6 7
7 8
7 9
6 10
5 11
4 12
3 13
2 14
1 15
0 16
plan  80
0 1
1 2
2 3
3 4
4 5
5 6
6 7
6 8
8 9
8 10
5 11
4 12
3 13
2 14
1 15
0 16
plan  81
0 1
1 2
2 3
3 4
4 5
5 6
6 7
7 8
7 9
6 10
5 11
4 12
3 13
2 14
1 15
0 16
plan  82
0 1
1 2
2 3
3 4
4 5
5 6
6 7
7 8
7 9
6 10
5 11
4 12
3 13
2 14
1 15
0 16
plan  83
0 1
1 2
2 3
3 4
4 5
5 6
6 7
7 8
7 9
6 10
5 11
4 12
3 13
2 14
1 15
0 16
plan  84
0 1
1 2
2 3
3 4
4 5
5 6
6 7
7 8
7 9
6 10
5 11
4 12
3 13
2 14
1 15
0 16
plan  85
0 1
1 2
2 3
3 4
4 5
5 6
6 7
7 8
7 9
6 10
5 11
4 12
3 13
2 14
1 15
0 16
plan  86
0 1
1 2
2 3
3 4
4 5
5 6
6 7
7 8
7 9
6 10
5 11
4 12
3 13
2 14
1 15
0 16
plan  87
0 1
1 2
2 3
3 4
4 5
5 6
6 7
7 8
7 9
6 10
5 11
4 12
3 13
2 14
1 15
0 16
plan  88
0 1
1 2
2 3
3 4
4 5
5 6
6 7
7 8
7 9
6 10
5 11
4 12
3 13
2 14
1 15
0 16
plan  89
0 1
1 2
2 3
3 4
4 5
5 6
6 7
7 8
7 9
6 10
5 11
4 12
3 13
2 14
1 15
0 16
plan  90
0 1
1 2
1 3
0 4
4 5
5 6
6 7
7 8
8 9
9 10
9 11
8 12
7 13
6 14
5 15
4 16
plan  91
0 1
1 2
2 3
3 4
4 5
5 6
6 7
7 8
7 9
6 10
5 11
4 12
3 13
2 14
1 15
0 16
plan  92
0 1
1 2
2 3
3 4
4 5
5 6
6 7
7 8
7 9
6 10
5 11
4 12
3 13
2 14
1 15
0 16
plan  93
0 1
1 2
2 3
3 4
4 5
5 6
6 7
7 8
7 9
6 10
5 11
4 12
3 13
2 14
1 15
0 16
plan  94
0 1
1 2
2 3
3 4
4 5
5 6
6 7
7 8
7 9
6 10
5 11
4 12
3 13
2 14
1 15
0 16
plan  95
0 1
1 2
1 3
0 4
4 5
5 6
6 7
7 8
8 9
9 10
9 11
8 12
7 13
6 14
5 15
4 16
plan  96
0 1
1 2
2 3
3 4
4 5
5 6
6 7
7 8
7 9
6 10
5 11
4 12
3 13
2 14
1 15
0 16
plan  97
0 1
1 2
1 3
0 4
4 5
5 6
6 7
7 8
8 9
9 10
9 11
8 12
7 13
6 14
5 15
4 16
plan  98
0 1
1 2
2 3
3 4
4 5
5 6
6 7
7 8
7 9
6 10
5 11
4 12
3 13
2 14
1 15
0 16
plan  99
0 1
1 2
2 3
3 4
4 5
5 6
6 7
7 8
7 9
6 10
5 11
4 12
3 13
2 14
1 15
0 16
plan  100
0 1
1 2
2 3
3 4
4 5
5 6
6 7
7 8
7 9
6 10
5 11
4 12
3 13
2 14
1 15
0 16
plan  101
0 1
1 2
2 3
3 4
4 5
5 6
6 7
7 8
7 9
6 10
5 11
4 12
3 13
2 14
1 15
0 16
plan  102
0 1
1 2
2 3
3 4
4 5
5 6
6 7
7 8
7 9
6 10
5 11
4 12
3 13
2 14
1 15
0 16
plan  103
0 1
1 2
2 3
3 4
4 5
5 6
6 7
7 8
7 9
6 10
5 11
4 12
3 13
2 14
1 15
0 16
plan  104
0 1
1 2
2 3
3 4
4 5
5 6
5 7
7 8
8 9
8 10
7 11
4 12
3 13
2 14
1 15
0 16
plan  105
0 1
1 2
2 3
3 4
4 5
5 6
6 7
7 8
7 9
6 10
5 11
4 12
3 13
2 14
1 15
0 16
plan  106
0 1
1 2
2 3
3 4
4 5
5 6
6 7
7 8
7 9
6 10
5 11
4 12
3 13
2 14
1 15
0 16
plan  107
0 1
1 2
2 3
3 4
4 5
5 6
6 7
7 8
7 9
6 10
5 11
4 12
3 13
2 14
1 15
0 16
plan  108
0 1
1 2
2 3
3 4
4 5
5 6
6 7
7 8
7 9
6 10
5 11
4 12
3 13
2 14
1 15
0 16
plan  109
0 1
1 2
2 3
3 4
4 5
5 6
6 7
7 8
7 9
6 10
5 11
4 12
3 13
2 14
1 15
0 16
plan  110
0 1
1 2
2 3
3 4
4 5
5 6
6 7
7 8
7 9
6 10
5 11
4 12
3 13
2 14
1 15
0 16
plan  111
0 1
1 2
2 3
3 4
4 5
5 6
6 7
7 8
7 9
6 10
5 11
4 12
3 13
2 14
1 15
0 16
plan  112
0 1
1 2
2 3
3 4
4 5
5 6
6 7
7 8
7 9
6 10
5 11
4 12
3 13
2 14
1 15
0 16
plan  113
0 1
1 2
2 3
3 4
4 5
5 6
5 7
7 8
8 9
8 10
7 11
4 12
3 13
2 14
1 15
0 16
plan  114
0 1
1 2
2 3
3 4
4 5
5 6
6 7
7 8
7 9
6 10
5 11
4 12
3 13
2 14
1 15
0 16
plan  115
0 1
1 2
2 3
3 4
4 5
5 6
6 7
6 8
8 9
8 10
5 11
4 12
3 13
2 14
1 15
0 16
plan  116
0 1
1 2
2 3
3 4
4 5
5 6
6 7
7 8
7 9
6 10
5 11
4 12
3 13
2 14
1 15
0 16
plan  117
0 1
1 2
2 3
3 4
4 5
5 6
6 7
7 8
7 9
6 10
5 11
4 12
3 13
2 14
1 15
0 16
plan  118
0 1
1 2
2 3
3 4
4 5
5 6
6 7
7 8
7 9
6 10
5 11
4 12
3 13
2 14
1 15
0 16
plan  119
0 1
1 2
2 3
3 4
4 5
5 6
5 7
7 8
7 9
4 10
3 11
2 12
1 13
13 14
13 15
0 16
plan  120
0 1
1 2
2 3
3 4
4 5
5 6
6 7
7 8
7 9
6 10
5 11
4 12
3 13
2 14
1 15
0 16
plan  121
0 1
1 2
2 3
3 4
4 5
5 6
6 7
7 8
7 9
6 10
5 11
4 12
3 13
2 14
1 15
0 16
plan  122
0 1
1 2
2 3
3 4
4 5
5 6
6 7
7 8
7 9
6 10
5 11
4 12
3 13
2 14
1 15
0 16
plan  123
0 1
1 2
2 3
3 4
4 5
5 6
6 7
7 8
7 9
6 10
5 11
4 12
3 13
2 14
1 15
0 16
plan  124
0 1
1 2
2 3
3 4
4 5
5 6
6 7
7 8
7 9
6 10
5 11
4 12
3 13
2 14
1 15
0 16
plan  125
0 1
1 2
2 3
3 4
4 5
5 6
6 7
7 8
7 9
6 10
5 11
4 12
3 13
2 14
1 15
0 16
plan  126
0 1
1 2
2 3
3 4
4 5
5 6
6 7
7 8
7 9
6 10
5 11
4 12
3 13
2 14
1 15
0 16
plan  127
0 1
1 2
2 3
3 4
4 5
5 6
6 7
7 8
7 9
6 10
5 11
4 12
3 13
2 14
1 15
0 16
plan  128
0 1
1 2
1 3
0 4
4 5
5 6
6 7
7 8
8 9
9 10
9 11
8 12
7 13
6 14
5 15
4 16
plan  129
0 1
1 2
2 3
3 4
4 5
5 6
6 7
7 8
7 9
6 10
5 11
4 12
3 13
2 14
1 15
0 16
plan  130
0 1
1 2
2 3
3 4
4 5
4 6
6 7
7 8
8 9
8 10
7 11
6 12
3 13
2 14
1 15
0 16
plan  131
0 1
1 2
2 3
3 4
4 5
5 6
6 7
7 8
7 9
6 10
5 11
4 12
3 13
2 14
1 15
0 16
plan  132
0 1
1 2
2 3
3 4
4 5
5 6
6 7
7 8
7 9
6 10
5 11
4 12
3 13
2 14
1 15
0 16
plan  133
0 1
1 2
2 3
3 4
4 5
5 6
6 7
7 8
7 9
6 10
5 11
4 12
3 13
2 14
1 15
0 16
plan  134
0 1
1 2
2 3
3 4
4 5
5 6
6 7
7 8
7 9
6 10
5 11
4 12
3 13
2 14
1 15
0 16
plan  135
0 1
1 2
2 3
3 4
4 5
5 6
6 7
7 8
7 9
6 10
5 11
4 12
3 13
2 14
1 15
0 16
plan  136
0 1
1 2
2 3
3 4
4 5
5 6
6 7
6 8
8 9
8 10
5 11
4 12
3 13
2 14
1 15
0 16
plan  137
0 1
1 2
2 3
3 4
4 5
5 6
6 7
7 8
7 9
6 10
5 11
4 12
3 13
2 14
1 15
0 16
plan  138
0 1
1 2
2 3
3 4
4 5
5 6
6 7
7 8
7 9
6 10
5 11
4 12
3 13
2 14
1 15
0 16
plan  139
0 1
1 2
2 3
3 4
4 5
5 6
6 7
7 8
7 9
6 10
5 11
4 12
3 13
2 14
1 15
0 16
plan  140
0 1
1 2
1 3
3 4
4 5
5 6
6 7
7 8
8 9
8 10
7 11
6 12
5 13
4 14
3 15
0 16
plan  141
0 1
1 2
2 3
3 4
4 5
5 6
5 7
7 8
8 9
8 10
7 11
4 12
3 13
2 14
1 15
0 16
plan  142
0 1
1 2
2 3
3 4
4 5
5 6
6 7
7 8
7 9
6 10
5 11
4 12
3 13
2 14
1 15
0 16
plan  143
0 1
1 2
2 3
3 4
4 5
5 6
6 7
7 8
7 9
6 10
5 11
4 12
3 13
2 14
1 15
0 16
plan  144
0 1
1 2
2 3
3 4
4 5
5 6
6 7
7 8
7 9
6 10
5 11
4 12
3 13
2 14
1 15
0 16
plan  145
0 1
1 2
2 3
3 4
4 5
5 6
6 7
7 8
7 9
6 10
5 11
4 12
3 13
2 14
1 15
0 16
plan  146
0 1
1 2
2 3
3 4
4 5
5 6
6 7
7 8
7 9
6 10
5 11
4 12
3 13
2 14
1 15
0 16
plan  147
0 1
1 2
2 3
3 4
4 5
5 6
6 7
7 8
7 9
6 10
5 11
4 12
3 13
2 14
1 15
0 16
plan  148
0 1
1 2
2 3
3 4
4 5
5 6
6 7
7 8
7 9
6 10
5 11
4 12
3 13
2 14
1 15
0 16
plan  149
0 1
1 2
2 3
3 4
4 5
5 6
6 7
7 8
7 9
6 10
5 11
4 12
3 13
2 14
1 15
0 16
plan  150
0 1
1 2
2 3
3 4
4 5
5 6
6 7
7 8
7 9
6 10
5 11
4 12
3 13
2 14
1 15
0 16
plan  151
0 1
1 2
2 3
3 4
4 5
5 6
6 7
7 8
7 9
6 10
5 11
4 12
3 13
2 14
1 15
0 16
plan  152
0 1
1 2
2 3
3 4
4 5
5 6
6 7
7 8
7 9
6 10
5 11
4 12
3 13
2 14
1 15
0 16
plan  153
0 1
1 2
2 3
3 4
4 5
5 6
6 7
7 8
7 9
6 10
5 11
4 12
3 13
2 14
1 15
0 16
plan  154
0 1
1 2
2 3
3 4
4 5
5 6
6 7
7 8
7 9
6 10
5 11
4 12
3 13
2 14
1 15
0 16
plan  155
0 1
1 2
2 3
3 4
4 5
5 6
6 7
7 8
7 9
6 10
5 11
4 12
3 13
2 14
1 15
0 16
plan  156
0 1
1 2
2 3
3 4
4 5
5 6
6 7
7 8
7 9
6 10
5 11
4 12
3 13
2 14
1 15
0 16
plan  157
0 1
1 2
2 3
3 4
4 5
5 6
6 7
7 8
7 9
6 10
5 11
4 12
3 13
2 14
1 15
0 16
plan  158
0 1
1 2
2 3
3 4
4 5
5 6
6 7
7 8
7 9
6 10
5 11
4 12
3 13
2 14
1 15
0 16
plan  159
0 1
1 2
2 3
3 4
4 5
5 6
6 7
7 8
7 9
6 10
5 11
4 12
3 13
2 14
1 15
0 16
plan  160
0 1
1 2
2 3
3 4
4 5
5 6
6 7
7 8
7 9
6 10
5 11
4 12
3 13
2 14
1 15
0 16
plan  161
0 1
1 2
2 3
3 4
4 5
5 6
6 7
7 8
7 9
6 10
5 11
4 12
3 13
2 14
1 15
0 16
plan  162
0 1
1 2
2 3
3 4
4 5
5 6
6 7
7 8
7 9
6 10
5 11
4 12
3 13
2 14
1 15
0 16
plan  163
0 1
1 2
2 3
3 4
4 5
5 6
6 7
7 8
7 9
6 10
5 11
4 12
3 13
2 14
1 15
0 16
plan  164
0 1
1 2
2 3
3 4
4 5
5 6
6 7
7 8
7 9
6 10
5 11
4 12
3 13
2 14
1 15
0 16
plan  165
0 1
1 2
2 3
3 4
4 5
5 6
6 7
7 8
7 9
6 10
5 11
4 12
3 13
2 14
1 15
0 16
plan  166
0 1
1 2
2 3
3 4
4 5
5 6
6 7
7 8
7 9
6 10
5 11
4 12
3 13
2 14
1 15
0 16
plan  167
0 1
1 2
2 3
3 4
4 5
5 6
6 7
7 8
7 9
6 10
5 11
4 12
3 13
2 14
1 15
0 16
plan  168
0 1
1 2
2 3
3 4
4 5
5 6
6 7
7 8
7 9
6 10
5 11
4 12
3 13
2 14
1 15
0 16
plan  169
0 1
1 2
2 3
3 4
4 5
5 6
6 7
7 8
7 9
6 10
5 11
4 12
3 13
2 14
1 15
0 16
plan  170
0 1
1 2
2 3
3 4
4 5
5 6
6 7
7 8
7 9
6 10
5 11
4 12
3 13
2 14
1 15
0 16
plan  171
0 1
1 2
2 3
3 4
4 5
5 6
6 7
7 8
7 9
6 10
5 11
4 12
3 13
2 14
1 15
0 16
plan  172
0 1
1 2
2 3
3 4
4 5
5 6
6 7
7 8
7 9
6 10
5 11
4 12
3 13
2 14
1 15
0 16
plan  173
0 1
1 2
2 3
3 4
4 5
5 6
6 7
7 8
7 9
6 10
5 11
4 12
3 13
2 14
1 15
0 16
plan  174
0 1
1 2
2 3
3 4
4 5
5 6
6 7
7 8
7 9
6 10
5 11
4 12
3 13
2 14
1 15
0 16
plan  175
0 1
1 2
2 3
3 4
4 5
5 6
6 7
7 8
7 9
6 10
5 11
4 12
3 13
2 14
1 15
0 16
plan  176
0 1
1 2
2 3
3 4
4 5
5 6
6 7
7 8
7 9
6 10
5 11
4 12
3 13
2 14
1 15
0 16
plan  177
0 1
1 2
2 3
3 4
4 5
5 6
6 7
7 8
7 9
6 10
5 11
4 12
3 13
2 14
1 15
0 16
plan  178
0 1
1 2
2 3
3 4
4 5
5 6
6 7
7 8
7 9
6 10
5 11
4 12
3 13
2 14
1 15
0 16
plan  179
0 1
1 2
2 3
3 4
4 5
5 6
6 7
7 8
7 9
6 10
5 11
4 12
3 13
2 14
1 15
0 16
plan  180
0 1
1 2
2 3
3 4
4 5
5 6
6 7
7 8
7 9
6 10
5 11
4 12
3 13
2 14
1 15
0 16
plan  181
0 1
1 2
2 3
3 4
4 5
5 6
6 7
7 8
7 9
6 10
5 11
4 12
3 13
2 14
1 15
0 16
plan  182
0 1
1 2
2 3
3 4
4 5
5 6
6 7
7 8
7 9
6 10
5 11
4 12
3 13
2 14
1 15
0 16
plan  183
0 1
1 2
2 3
2 4
1 5
5 6
6 7
7 8
8 9
9 10
9 11
8 12
7 13
6 14
5 15
0 16
plan  184
0 1
1 2
2 3
3 4
4 5
5 6
6 7
7 8
7 9
6 10
5 11
4 12
3 13
2 14
1 15
0 16
plan  185
0 1
1 2
2 3
3 4
4 5
5 6
6 7
7 8
7 9
6 10
5 11
4 12
3 13
2 14
1 15
0 16
plan  186
0 1
1 2
2 3
3 4
4 5
5 6
6 7
7 8
7 9
6 10
5 11
4 12
3 13
2 14
1 15
0 16
plan  187
0 1
1 2
2 3
3 4
4 5
5 6
6 7
7 8
7 9
6 10
5 11
4 12
3 13
2 14
1 15
0 16
plan  188
0 1
1 2
2 3
3 4
4 5
5 6
6 7
7 8
7 9
6 10
5 11
4 12
3 13
2 14
1 15
0 16
plan  189
0 1
1 2
2 3
3 4
4 5
5 6
6 7
7 8
7 9
6 10
5 11
4 12
3 13
2 14
1 15
0 16
plan  190
0 1
1 2
2 3
3 4
4 5
5 6
6 7
7 8
7 9
6 10
5 11
4 12
3 13
2 14
1 15
0 16
plan  191
0 1
1 2
2 3
3 4
4 5
5 6
6 7
7 8
7 9
6 10
5 11
4 12
3 13
2 14
1 15
0 16
plan  192
0 1
1 2
2 3
3 4
4 5
5 6
6 7
7 8
7 9
6 10
5 11
4 12
3 13
2 14
1 15
0 16
plan  193
0 1
1 2
2 3
3 4
4 5
5 6
6 7
7 8
7 9
6 10
5 11
4 12
3 13
2 14
1 15
0 16
plan  194
0 1
1 2
2 3
3 4
4 5
5 6
6 7
7 8
7 9
6 10
5 11
4 12
3 13
2 14
1 15
0 16
plan  195
0 1
1 2
2 3
3 4
4 5
5 6
6 7
7 8
7 9
6 10
5 11
4 12
3 13
2 14
1 15
0 16
plan  196
0 1
1 2
2 3
3 4
4 5
5 6
6 7
7 8
7 9
6 10
5 11
4 12
3 13
2 14
1 15
0 16
plan  197
0 1
1 2
2 3
3 4
4 5
5 6
6 7
7 8
7 9
6 10
5 11
4 12
3 13
2 14
1 15
0 16
plan  198
0 1
1 2
2 3
3 4
4 5
5 6
6 7
7 8
7 9
6 10
5 11
4 12
3 13
2 14
1 15
0 16
plan  199
0 1
1 2
2 3
3 4
4 5
5 6
6 7
7 8
7 9
6 10
5 11
4 12
3 13
2 14
1 15
0 16
plan  200
0 1
1 2
2 3
3 4
4 5
5 6
6 7
7 8
7 9
6 10
5 11
4 12
3 13
2 14
1 15
0 16
plan  201
0 1
1 2
2 3
3 4
4 5
5 6
6 7
7 8
7 9
6 10
5 11
4 12
3 13
2 14
1 15
0 16
plan  202
0 1
1 2
2 3
3 4
4 5
5 6
6 7
7 8
7 9
6 10
5 11
4 12
3 13
2 14
1 15
0 16
plan  203
0 1
1 2
2 3
3 4
4 5
5 6
6 7
7 8
7 9
6 10
5 11
4 12
3 13
2 14
1 15
0 16
plan  204
0 1
1 2
2 3
3 4
4 5
5 6
6 7
7 8
7 9
6 10
5 11
4 12
3 13
2 14
1 15
0 16
plan  205
0 1
1 2
2 3
3 4
4 5
5 6
6 7
7 8
7 9
6 10
5 11
4 12
3 13
2 14
1 15
0 16
plan  206
0 1
1 2
2 3
3 4
4 5
5 6
6 7
7 8
7 9
6 10
5 11
4 12
3 13
2 14
1 15
0 16
plan  207
0 1
1 2
2 3
3 4
4 5
5 6
6 7
7 8
7 9
6 10
5 11
4 12
3 13
2 14
1 15
0 16
plan  208
0 1
1 2
2 3
3 4
4 5
5 6
6 7
7 8
7 9
6 10
5 11
4 12
3 13
2 14
1 15
0 16
plan  209
0 1
1 2
2 3
3 4
4 5
5 6
6 7
7 8
7 9
6 10
5 11
4 12
3 13
2 14
1 15
0 16
plan  210
0 1
1 2
2 3
3 4
4 5
5 6
6 7
7 8
7 9
6 10
5 11
4 12
3 13
2 14
1 15
0 16
plan  211
0 1
1 2
2 3
3 4
4 5
5 6
6 7
7 8
7 9
6 10
5 11
4 12
3 13
2 14
1 15
0 16
plan  212
0 1
1 2
2 3
3 4
4 5
5 6
6 7
7 8
7 9
6 10
5 11
4 12
3 13
2 14
1 15
0 16
plan  213
0 1
1 2
2 3
3 4
4 5
5 6
6 7
7 8
7 9
6 10
5 11
4 12
3 13
2 14
1 15
0 16
plan  214
0 1
1 2
2 3
3 4
4 5
5 6
6 7
7 8
7 9
6 10
5 11
4 12
3 13
2 14
1 15
0 16
plan  215
0 1
1 2
2 3
3 4
4 5
5 6
6 7
7 8
7 9
6 10
5 11
4 12
3 13
2 14
1 15
0 16
plan  216
0 1
1 2
2 3
3 4
4 5
5 6
6 7
7 8
7 9
6 10
5 11
4 12
3 13
2 14
1 15
0 16
plan  217
0 1
1 2
2 3
3 4
4 5
5 6
6 7
7 8
7 9
6 10
5 11
4 12
3 13
2 14
1 15
0 16
plan  218
0 1
1 2
2 3
3 4
4 5
5 6
6 7
7 8
7 9
6 10
5 11
4 12
3 13
2 14
1 15
0 16
plan  219
0 1
1 2
2 3
3 4
4 5
5 6
6 7
7 8
7 9
6 10
5 11
4 12
3 13
2 14
1 15
0 16
plan  220
0 1
1 2
2 3
3 4
4 5
5 6
6 7
7 8
7 9
6 10
5 11
4 12
3 13
2 14
1 15
0 16
plan  221
0 1
1 2
2 3
3 4
4 5
5 6
6 7
7 8
7 9
6 10
5 11
4 12
3 13
2 14
1 15
0 16
plan  222
0 1
1 2
2 3
3 4
4 5
5 6
6 7
7 8
7 9
6 10
5 11
4 12
3 13
2 14
1 15
0 16
plan  223
0 1
1 2
2 3
3 4
4 5
5 6
6 7
7 8
7 9
6 10
5 11
4 12
3 13
2 14
1 15
0 16
plan  224
0 1
1 2
2 3
3 4
4 5
5 6
6 7
7 8
7 9
6 10
5 11
4 12
3 13
2 14
1 15
0 16
plan  225
0 1
1 2
2 3
3 4
4 5
5 6
6 7
7 8
7 9
6 10
5 11
4 12
3 13
2 14
1 15
0 16
plan  226
0 1
1 2
2 3
3 4
4 5
5 6
6 7
7 8
7 9
6 10
5 11
4 12
3 13
2 14
1 15
0 16
plan  227
0 1
1 2
2 3
3 4
4 5
5 6
6 7
7 8
7 9
6 10
5 11
4 12
3 13
2 14
1 15
0 16
plan  228
0 1
1 2
2 3
3 4
4 5
5 6
6 7
7 8
7 9
6 10
5 11
4 12
3 13
2 14
1 15
0 16
plan  229
0 1
1 2
2 3
3 4
4 5
5 6
6 7
7 8
7 9
6 10
5 11
4 12
3 13
2 14
1 15
0 16
plan  230
0 1
1 2
1 3
3 4
4 5
5 6
6 7
7 8
8 9
8 10
7 11
6 12
5 13
4 14
3 15
0 16
plan  231
0 1
1 2
2 3
3 4
4 5
5 6
6 7
7 8
7 9
6 10
5 11
4 12
3 13
2 14
1 15
0 16
plan  232
0 1
1 2
2 3
3 4
4 5
5 6
6 7
7 8
7 9
6 10
5 11
4 12
3 13
2 14
1 15
0 16
plan  233
0 1
1 2
2 3
3 4
4 5
5 6
6 7
7 8
7 9
6 10
5 11
4 12
3 13
2 14
1 15
0 16
plan  234
0 1
1 2
2 3
3 4
4 5
5 6
6 7
7 8
7 9
6 10
5 11
4 12
3 13
2 14
1 15
0 16
plan  235
0 1
1 2
2 3
3 4
4 5
5 6
6 7
7 8
7 9
6 10
5 11
4 12
3 13
2 14
1 15
0 16
plan  236
0 1
1 2
2 3
3 4
4 5
5 6
6 7
7 8
7 9
6 10
5 11
4 12
3 13
2 14
1 15
0 16
plan  237
0 1
1 2
2 3
3 4
4 5
5 6
6 7
7 8
7 9
6 10
5 11
4 12
3 13
2 14
1 15
0 16
plan  238
0 1
1 2
2 3
3 4
4 5
5 6
6 7
7 8
7 9
6 10
5 11
4 12
3 13
2 14
1 15
0 16
plan  239
0 1
1 2
2 3
3 4
4 5
5 6
6 7
7 8
7 9
6 10
5 11
4 12
3 13
2 14
1 15
0 16
plan  240
0 1
1 2
2 3
3 4
4 5
5 6
6 7
7 8
7 9
6 10
5 11
4 12
3 13
2 14
1 15
0 16
plan  241
0 1
1 2
2 3
3 4
4 5
5 6
6 7
7 8
7 9
6 10
5 11
4 12
3 13
2 14
1 15
0 16
plan  242
0 1
1 2
2 3
3 4
4 5
5 6
6 7
7 8
7 9
6 10
5 11
4 12
3 13
2 14
1 15
0 16
plan  243
0 1
1 2
2 3
3 4
4 5
5 6
6 7
7 8
7 9
6 10
5 11
4 12
3 13
2 14
1 15
0 16
plan  244
0 1
1 2
2 3
3 4
4 5
5 6
6 7
7 8
7 9
6 10
5 11
4 12
3 13
2 14
1 15
0 16
plan  245
0 1
1 2
2 3
3 4
4 5
5 6
6 7
7 8
7 9
6 10
5 11
4 12
3 13
2 14
1 15
0 16
plan  246
0 1
1 2
2 3
3 4
4 5
5 6
6 7
7 8
7 9
6 10
5 11
4 12
3 13
2 14
1 15
0 16
plan  247
0 1
1 2
2 3
3 4
4 5
5 6
6 7
7 8
7 9
6 10
5 11
4 12
3 13
2 14
1 15
0 16
plan  248
0 1
1 2
2 3
3 4
4 5
5 6
6 7
7 8
7 9
6 10
5 11
4 12
3 13
2 14
1 15
0 16
plan  249
0 1
1 2
2 3
3 4
4 5
5 6
6 7
7 8
7 9
6 10
5 11
4 12
3 13
2 14
1 15
0 16
plan  250
0 1
1 2
2 3
3 4
4 5
5 6
6 7
7 8
7 9
6 10
5 11
4 12
3 13
2 14
1 15
0 16
plan  251
0 1
1 2
2 3
3 4
4 5
5 6
6 7
7 8
7 9
6 10
5 11
4 12
3 13
2 14
1 15
0 16
plan  252
0 1
1 2
2 3
3 4
4 5
5 6
6 7
7 8
7 9
6 10
5 11
4 12
3 13
2 14
1 15
0 16
plan  253
0 1
1 2
2 3
3 4
4 5
5 6
6 7
7 8
7 9
6 10
5 11
4 12
3 13
2 14
1 15
0 16
plan  254
0 1
1 2
2 3
3 4
4 5
5 6
6 7
7 8
7 9
6 10
5 11
4 12
3 13
2 14
1 15
0 16
plan  255
0 1
1 2
2 3
3 4
4 5
5 6
6 7
7 8
7 9
6 10
5 11
4 12
3 13
2 14
1 15
0 16
plan  256
0 1
1 2
2 3
3 4
4 5
5 6
6 7
7 8
7 9
6 10
5 11
4 12
3 13
2 14
1 15
0 16
plan  257
0 1
1 2
2 3
3 4
4 5
5 6
6 7
7 8
7 9
6 10
5 11
4 12
3 13
2 14
1 15
0 16
plan  258
0 1
1 2
2 3
3 4
4 5
5 6
6 7
7 8
7 9
6 10
5 11
4 12
3 13
2 14
1 15
0 16
plan  259
0 1
1 2
2 3
3 4
4 5
5 6
6 7
7 8
7 9
6 10
5 11
4 12
3 13
2 14
1 15
0 16
plan  260
0 1
1 2
2 3
3 4
4 5
5 6
6 7
7 8
7 9
6 10
5 11
4 12
3 13
2 14
1 15
0 16
plan  261
0 1
1 2
2 3
3 4
4 5
5 6
6 7
7 8
7 9
6 10
5 11
4 12
3 13
2 14
1 15
0 16
plan  262
0 1
1 2
2 3
3 4
4 5
5 6
6 7
7 8
7 9
6 10
5 11
4 12
3 13
2 14
1 15
0 16
plan  263
0 1
1 2
2 3
3 4
4 5
5 6
6 7
7 8
7 9
6 10
5 11
4 12
3 13
2 14
1 15
0 16
plan  264
0 1
1 2
2 3
3 4
4 5
5 6
6 7
7 8
7 9
6 10
5 11
4 12
3 13
2 14
1 15
0 16
plan  265
0 1
1 2
2 3
2 4
4 5
5 6
6 7
7 8
8 9
8 10
7 11
6 12
5 13
4 14
1 15
0 16
plan  266
0 1
1 2
2 3
3 4
4 5
5 6
6 7
7 8
7 9
6 10
5 11
4 12
3 13
2 14
1 15
0 16
plan  267
0 1
1 2
2 3
3 4
4 5
5 6
6 7
7 8
7 9
6 10
5 11
4 12
3 13
2 14
1 15
0 16
plan  268
0 1
1 2
2 3
3 4
4 5
5 6
6 7
7 8
7 9
6 10
5 11
4 12
3 13
2 14
1 15
0 16
plan  269
0 1
1 2
2 3
3 4
4 5
5 6
6 7
7 8
7 9
6 10
5 11
4 12
3 13
2 14
1 15
0 16
plan  270
0 1
1 2
2 3
3 4
4 5
5 6
6 7
7 8
7 9
6 10
5 11
4 12
3 13
2 14
1 15
0 16
plan  271
0 1
1 2
2 3
3 4
4 5
5 6
6 7
7 8
7 9
6 10
5 11
4 12
3 13
2 14
1 15
0 16
plan  272
0 1
1 2
2 3
3 4
4 5
5 6
6 7
7 8
7 9
6 10
5 11
4 12
3 13
2 14
1 15
0 16
plan  273
0 1
1 2
2 3
3 4
4 5
5 6
6 7
7 8
7 9
6 10
5 11
4 12
3 13
2 14
1 15
0 16
plan  274
0 1
1 2
2 3
3 4
4 5
5 6
6 7
7 8
7 9
6 10
5 11
4 12
3 13
2 14
1 15
0 16
plan  275
0 1
1 2
2 3
3 4
4 5
5 6
6 7
7 8
7 9
6 10
5 11
4 12
3 13
2 14
1 15
0 16
plan  276
0 1
1 2
2 3
3 4
4 5
5 6
6 7
7 8
7 9
6 10
5 11
4 12
3 13
2 14
1 15
0 16
plan  277
0 1
1 2
2 3
3 4
4 5
5 6
6 7
7 8
7 9
6 10
5 11
4 12
3 13
2 14
1 15
0 16
plan  278
0 1
1 2
2 3
3 4
4 5
5 6
6 7
7 8
7 9
6 10
5 11
4 12
3 13
2 14
1 15
0 16
plan  279
0 1
1 2
2 3
3 4
4 5
5 6
6 7
7 8
7 9
6 10
5 11
4 12
3 13
2 14
1 15
0 16
plan  280
0 1
1 2
2 3
3 4
4 5
5 6
6 7
6 8
5 9
4 10
3 11
2 12
1 13
0 14
14 15
14 16
plan  281
0 1
1 2
2 3
3 4
4 5
5 6
6 7
7 8
7 9
6 10
5 11
4 12
3 13
2 14
1 15
0 16
plan  282
0 1
1 2
2 3
3 4
4 5
5 6
6 7
7 8
7 9
6 10
5 11
4 12
3 13
2 14
1 15
0 16
plan  283
0 1
1 2
2 3
3 4
4 5
5 6
6 7
7 8
7 9
6 10
5 11
4 12
3 13
2 14
1 15
0 16
plan  284
0 1
1 2
2 3
3 4
4 5
5 6
6 7
7 8
7 9
6 10
5 11
4 12
3 13
2 14
1 15
0 16
plan  285
0 1
1 2
2 3
3 4
4 5
5 6
6 7
7 8
7 9
6 10
5 11
4 12
3 13
2 14
1 15
0 16
plan  286
0 1
1 2
2 3
3 4
4 5
5 6
6 7
7 8
7 9
6 10
5 11
4 12
3 13
2 14
1 15
0 16
plan  287
0 1
1 2
2 3
3 4
4 5
5 6
6 7
7 8
7 9
6 10
5 11
4 12
3 13
2 14
1 15
0 16
plan  288
0 1
1 2
1 3
3 4
4 5
5 6
6 7
7 8
8 9
8 10
7 11
6 12
5 13
4 14
3 15
0 16
plan  289
0 1
1 2
2 3
3 4
4 5
5 6
6 7
7 8
7 9
6 10
5 11
4 12
3 13
2 14
1 15
0 16
plan  290
0 1
1 2
2 3
3 4
4 5
5 6
6 7
7 8
7 9
6 10
5 11
4 12
3 13
2 14
1 15
0 16
plan  291
0 1
1 2
2 3
3 4
4 5
5 6
6 7
7 8
7 9
6 10
5 11
4 12
3 13
2 14
1 15
0 16
plan  292
0 1
1 2
2 3
3 4
4 5
5 6
6 7
7 8
7 9
6 10
5 11
4 12
3 13
2 14
1 15
0 16
plan  293
0 1
1 2
2 3
3 4
4 5
5 6
6 7
7 8
7 9
6 10
5 11
4 12
3 13
2 14
1 15
0 16
plan  294
0 1
1 2
2 3
3 4
4 5
5 6
6 7
7 8
7 9
6 10
5 11
4 12
3 13
2 14
1 15
0 16
plan  295
0 1
1 2
2 3
3 4
4 5
5 6
6 7
7 8
7 9
6 10
5 11
4 12
3 13
2 14
1 15
0 16
plan  296
0 1
1 2
2 3
3 4
4 5
5 6
6 7
7 8
7 9
6 10
5 11
4 12
3 13
2 14
1 15
0 16
plan  297
0 1
1 2
2 3
3 4
4 5
5 6
6 7
7 8
7 9
6 10
5 11
4 12
3 13
2 14
1 15
0 16
plan  298
0 1
1 2
2 3
3 4
4 5
5 6
6 7
7 8
7 9
6 10
5 11
4 12
3 13
2 14
1 15
0 16
plan  299
0 1
1 2
2 3
3 4
4 5
5 6
6 7
7 8
7 9
6 10
5 11
4 12
3 13
2 14
1 15
0 16
plan  300
0 1
1 2
2 3
3 4
4 5
5 6
6 7
7 8
7 9
6 10
5 11
4 12
3 13
2 14
1 15
0 16
plan  301
0 1
1 2
2 3
3 4
4 5
5 6
6 7
7 8
7 9
6 10
5 11
4 12
3 13
2 14
1 15
0 16
plan  302
0 1
1 2
2 3
3 4
4 5
5 6
6 7
7 8
7 9
6 10
5 11
4 12
3 13
2 14
1 15
0 16
plan  303
0 1
1 2
2 3
3 4
4 5
5 6
6 7
7 8
7 9
6 10
5 11
4 12
3 13
2 14
1 15
0 16
plan  304
0 1
1 2
2 3
3 4
4 5
5 6
6 7
7 8
7 9
6 10
5 11
4 12
3 13
2 14
1 15
0 16
plan  305
0 1
1 2
2 3
3 4
4 5
5 6
6 7
7 8
7 9
6 10
5 11
4 12
3 13
2 14
1 15
0 16
plan  306
0 1
1 2
2 3
3 4
4 5
5 6
6 7
7 8
7 9
6 10
5 11
4 12
3 13
2 14
1 15
0 16
plan  307
0 1
1 2
2 3
3 4
4 5
5 6
6 7
7 8
7 9
6 10
5 11
4 12
3 13
2 14
1 15
0 16
plan  308
0 1
1 2
2 3
3 4
4 5
5 6
6 7
7 8
7 9
6 10
5 11
4 12
3 13
2 14
1 15
0 16
plan  309
0 1
1 2
2 3
3 4
4 5
5 6
6 7
7 8
7 9
6 10
5 11
4 12
3 13
2 14
1 15
0 16
plan  310
0 1
1 2
2 3
3 4
4 5
5 6
6 7
7 8
7 9
6 10
5 11
4 12
3 13
2 14
1 15
0 16
plan  311
0 1
1 2
2 3
3 4
4 5
5 6
6 7
7 8
7 9
6 10
5 11
4 12
3 13
2 14
1 15
0 16
plan  312
0 1
1 2
2 3
3 4
4 5
5 6
6 7
7 8
7 9
6 10
5 11
4 12
3 13
2 14
1 15
0 16
plan  313
0 1
1 2
2 3
3 4
4 5
5 6
6 7
7 8
7 9
6 10
5 11
4 12
3 13
2 14
1 15
0 16
plan  314
0 1
1 2
2 3
3 4
4 5
5 6
6 7
7 8
7 9
6 10
5 11
4 12
3 13
2 14
1 15
0 16
plan  315
0 1
1 2
2 3
3 4
4 5
5 6
6 7
7 8
7 9
6 10
5 11
4 12
3 13
2 14
1 15
0 16
plan  316
0 1
1 2
2 3
3 4
3 5
2 6
6 7
7 8
8 9
9 10
9 11
8 12
7 13
6 14
1 15
0 16
plan  317
0 1
1 2
2 3
3 4
4 5
5 6
6 7
7 8
7 9
6 10
5 11
4 12
3 13
2 14
1 15
0 16
plan  318
0 1
1 2
2 3
3 4
4 5
5 6
6 7
7 8
7 9
6 10
5 11
4 12
3 13
2 14
1 15
0 16
plan  319
0 1
1 2
2 3
3 4
4 5
5 6
6 7
7 8
7 9
6 10
5 11
4 12
3 13
2 14
1 15
0 16
plan  320
0 1
1 2
2 3
3 4
4 5
5 6
6 7
7 8
7 9
6 10
5 11
4 12
3 13
2 14
1 15
0 16
plan  321
0 1
1 2
2 3
3 4
4 5
5 6
6 7
7 8
7 9
6 10
5 11
4 12
3 13
2 14
1 15
0 16
plan  322
0 1
1 2
2 3
3 4
4 5
5 6
6 7
7 8
7 9
6 10
5 11
4 12
3 13
2 14
1 15
0 16
plan  323
0 1
1 2
2 3
3 4
4 5
5 6
6 7
7 8
7 9
6 10
5 11
4 12
3 13
2 14
1 15
0 16
plan  324
0 1
1 2
2 3
3 4
4 5
5 6
6 7
7 8
7 9
6 10
5 11
4 12
3 13
2 14
1 15
0 16
plan  325
0 1
1 2
2 3
3 4
4 5
5 6
6 7
7 8
7 9
6 10
5 11
4 12
3 13
2 14
1 15
0 16
plan  326
0 1
1 2
2 3
3 4
4 5
5 6
6 7
7 8
7 9
6 10
5 11
4 12
3 13
2 14
1 15
0 16
plan  327
0 1
1 2
2 3
3 4
4 5
5 6
6 7
7 8
7 9
6 10
5 11
4 12
3 13
2 14
1 15
0 16
plan  328
0 1
1 2
2 3
3 4
4 5
5 6
6 7
7 8
7 9
6 10
5 11
4 12
3 13
2 14
1 15
0 16
plan  329
0 1
1 2
2 3
3 4
4 5
5 6
6 7
7 8
7 9
6 10
5 11
4 12
3 13
2 14
1 15
0 16
plan  330
0 1
1 2
2 3
3 4
4 5
5 6
6 7
7 8
7 9
6 10
5 11
4 12
3 13
2 14
1 15
0 16
plan  331
0 1
1 2
2 3
3 4
4 5
5 6
6 7
7 8
7 9
6 10
5 11
4 12
3 13
2 14
1 15
0 16
plan  332
0 1
1 2
2 3
3 4
4 5
5 6
6 7
7 8
7 9
6 10
5 11
4 12
3 13
2 14
1 15
0 16
plan  333
0 1
1 2
2 3
3 4
4 5
5 6
6 7
7 8
7 9
6 10
5 11
4 12
3 13
2 14
1 15
0 16
plan  334
0 1
1 2
2 3
3 4
4 5
5 6
6 7
7 8
7 9
6 10
5 11
4 12
3 13
2 14
1 15
0 16
plan  335
0 1
1 2
2 3
3 4
4 5
5 6
6 7
7 8
7 9
6 10
5 11
4 12
3 13
2 14
1 15
0 16
plan  336
0 1
1 2
2 3
3 4
4 5
5 6
6 7
7 8
7 9
6 10
5 11
4 12
3 13
2 14
1 15
0 16
plan  337
0 1
1 2
2 3
3 4
4 5
5 6
6 7
7 8
7 9
6 10
5 11
4 12
3 13
2 14
1 15
0 16
plan  338
0 1
1 2
2 3
3 4
4 5
5 6
6 7
7 8
7 9
6 10
5 11
4 12
3 13
2 14
1 15
0 16
plan  339
0 1
1 2
2 3
3 4
4 5
5 6
6 7
7 8
7 9
6 10
5 11
4 12
3 13
2 14
1 15
0 16
plan  340
0 1
1 2
2 3
3 4
4 5
5 6
6 7
7 8
7 9
6 10
5 11
4 12
3 13
2 14
1 15
0 16
plan  341
0 1
1 2
2 3
3 4
4 5
5 6
6 7
7 8
7 9
6 10
5 11
4 12
3 13
2 14
1 15
0 16
plan  342
0 1
1 2
2 3
3 4
4 5
5 6
6 7
7 8
7 9
6 10
5 11
4 12
3 13
2 14
1 15
0 16
plan  343
0 1
1 2
2 3
3 4
4 5
5 6
6 7
7 8
7 9
6 10
5 11
4 12
3 13
2 14
1 15
0 16
plan  344
0 1
1 2
2 3
3 4
4 5
5 6
6 7
7 8
7 9
6 10
5 11
4 12
3 13
2 14
1 15
0 16
plan  345
0 1
1 2
1 3
3 4
4 5
5 6
6 7
7 8
8 9
8 10
7 11
6 12
5 13
4 14
3 15
0 16
plan  346
0 1
1 2
2 3
3 4
4 5
5 6
6 7
7 8
7 9
6 10
5 11
4 12
3 13
2 14
1 15
0 16
plan  347
0 1
1 2
2 3
3 4
4 5
5 6
6 7
7 8
7 9
6 10
5 11
4 12
3 13
2 14
1 15
0 16
plan  348
0 1
1 2
2 3
3 4
4 5
5 6
6 7
7 8
7 9
6 10
5 11
4 12
3 13
2 14
1 15
0 16
plan  349
0 1
1 2
2 3
3 4
4 5
5 6
6 7
7 8
7 9
6 10
5 11
4 12
3 13
2 14
1 15
0 16
plan  350
0 1
1 2
1 3
3 4
4 5
5 6
6 7
7 8
8 9
8 10
7 11
6 12
5 13
4 14
3 15
0 16
plan  351
0 1
1 2
2 3
3 4
4 5
5 6
6 7
7 8
7 9
6 10
5 11
4 12
3 13
2 14
1 15
0 16
plan  352
0 1
1 2
2 3
3 4
4 5
5 6
6 7
7 8
7 9
6 10
5 11
4 12
3 13
2 14
1 15
0 16
plan  353
0 1
1 2
2 3
3 4
4 5
5 6
6 7
7 8
7 9
6 10
5 11
4 12
3 13
2 14
1 15
0 16
plan  354
0 1
1 2
2 3
3 4
4 5
5 6
6 7
7 8
7 9
6 10
5 11
4 12
3 13
2 14
1 15
0 16
plan  355
0 1
1 2
2 3
3 4
4 5
5 6
6 7
7 8
7 9
6 10
5 11
4 12
3 13
2 14
1 15
0 16
plan  356
0 1
1 2
2 3
3 4
4 5
5 6
6 7
7 8
7 9
6 10
5 11
4 12
3 13
2 14
1 15
0 16
plan  357
0 1
1 2
2 3
3 4
4 5
5 6
6 7
7 8
7 9
6 10
5 11
4 12
3 13
2 14
1 15
0 16
plan  358
0 1
1 2
2 3
3 4
4 5
5 6
6 7
7 8
7 9
6 10
5 11
4 12
3 13
2 14
1 15
0 16
plan  359
0 1
1 2
2 3
3 4
4 5
5 6
6 7
7 8
7 9
6 10
5 11
4 12
3 13
2 14
1 15
0 16
plan  360
0 1
1 2
2 3
3 4
4 5
5 6
6 7
7 8
7 9
6 10
5 11
4 12
3 13
2 14
1 15
0 16
plan  361
0 1
1 2
2 3
3 4
4 5
5 6
6 7
7 8
7 9
6 10
5 11
4 12
3 13
2 14
1 15
0 16
plan  362
0 1
1 2
2 3
3 4
4 5
5 6
6 7
7 8
7 9
6 10
5 11
4 12
3 13
2 14
1 15
0 16
plan  363
0 1
1 2
2 3
3 4
4 5
5 6
6 7
6 8
5 9
4 10
3 11
2 12
1 13
13 14
13 15
0 16
plan  364
0 1
1 2
2 3
3 4
4 5
5 6
6 7
7 8
7 9
6 10
5 11
4 12
3 13
2 14
1 15
0 16
plan  365
0 1
1 2
2 3
3 4
4 5
5 6
6 7
7 8
7 9
6 10
5 11
4 12
3 13
2 14
1 15
0 16
plan  366
0 1
1 2
2 3
3 4
4 5
5 6
6 7
7 8
7 9
6 10
5 11
4 12
3 13
2 14
1 15
0 16
plan  367
0 1
1 2
2 3
3 4
4 5
5 6
6 7
7 8
7 9
6 10
5 11
4 12
3 13
2 14
1 15
0 16
plan  368
0 1
1 2
2 3
3 4
4 5
5 6
6 7
7 8
7 9
6 10
5 11
4 12
3 13
2 14
1 15
0 16
plan  369
0 1
1 2
2 3
3 4
4 5
5 6
6 7
7 8
7 9
6 10
5 11
4 12
3 13
2 14
1 15
0 16
plan  370
0 1
1 2
2 3
3 4
4 5
5 6
6 7
7 8
7 9
6 10
5 11
4 12
3 13
2 14
1 15
0 16
plan  371
0 1
1 2
2 3
3 4
4 5
5 6
6 7
7 8
7 9
6 10
5 11
4 12
3 13
2 14
1 15
0 16
plan  372
0 1
1 2
2 3
3 4
4 5
5 6
6 7
7 8
7 9
6 10
5 11
4 12
3 13
2 14
1 15
0 16
plan  373
0 1
1 2
2 3
3 4
4 5
5 6
6 7
7 8
7 9
6 10
5 11
4 12
3 13
2 14
1 15
0 16
plan  374
0 1
1 2
2 3
3 4
4 5
5 6
6 7
7 8
7 9
6 10
5 11
4 12
3 13
2 14
1 15
0 16
plan  375
0 1
1 2
2 3
3 4
4 5
5 6
6 7
7 8
7 9
6 10
5 11
4 12
3 13
2 14
1 15
0 16
plan  376
0 1
1 2
2 3
3 4
4 5
5 6
6 7
7 8
7 9
6 10
5 11
4 12
3 13
2 14
1 15
0 16
plan  377
0 1
1 2
2 3
3 4
4 5
5 6
6 7
6 8
8 9
8 10
5 11
4 12
3 13
2 14
1 15
0 16
plan  378
0 1
1 2
2 3
3 4
4 5
5 6
6 7
7 8
7 9
6 10
5 11
4 12
3 13
2 14
1 15
0 16
plan  379
0 1
1 2
2 3
3 4
4 5
5 6
6 7
7 8
7 9
6 10
5 11
4 12
3 13
2 14
1 15
0 16
plan  380
0 1
1 2
2 3
3 4
4 5
5 6
6 7
7 8
7 9
6 10
5 11
4 12
3 13
2 14
1 15
0 16
plan  381
0 1
1 2
2 3
3 4
4 5
5 6
6 7
7 8
7 9
6 10
5 11
4 12
3 13
2 14
1 15
0 16
plan  382
0 1
1 2
2 3
3 4
4 5
5 6
6 7
7 8
7 9
6 10
5 11
4 12
3 13
2 14
1 15
0 16
plan  383
0 1
1 2
2 3
3 4
4 5
5 6
5 7
7 8
8 9
8 10
7 11
4 12
3 13
2 14
1 15
0 16
plan  384
0 1
1 2
2 3
3 4
4 5
5 6
6 7
7 8
7 9
6 10
5 11
4 12
3 13
2 14
1 15
0 16
plan  385
0 1
1 2
2 3
3 4
4 5
5 6
6 7
7 8
7 9
6 10
5 11
4 12
3 13
2 14
1 15
0 16
plan  386
0 1
1 2
2 3
3 4
4 5
5 6
6 7
7 8
7 9
6 10
5 11
4 12
3 13
2 14
1 15
0 16
plan  387
0 1
1 2
2 3
3 4
4 5
5 6
6 7
7 8
7 9
6 10
5 11
4 12
3 13
2 14
1 15
0 16
plan  388
0 1
1 2
2 3
3 4
4 5
5 6
6 7
7 8
7 9
6 10
5 11
4 12
3 13
2 14
1 15
0 16
plan  389
0 1
1 2
2 3
3 4
4 5
5 6
6 7
7 8
7 9
6 10
5 11
4 12
3 13
2 14
1 15
0 16
plan  390
0 1
1 2
2 3
3 4
4 5
5 6
6 7
7 8
7 9
6 10
5 11
4 12
3 13
2 14
1 15
0 16
plan  391
0 1
1 2
2 3
3 4
4 5
5 6
6 7
6 8
8 9
8 10
5 11
4 12
3 13
2 14
1 15
0 16
plan  392
0 1
1 2
2 3
3 4
4 5
5 6
6 7
7 8
7 9
6 10
5 11
4 12
3 13
2 14
1 15
0 16
plan  393
0 1
1 2
2 3
3 4
4 5
5 6
6 7
7 8
7 9
6 10
5 11
4 12
3 13
2 14
1 15
0 16
plan  394
0 1
1 2
2 3
3 4
4 5
5 6
6 7
7 8
7 9
6 10
5 11
4 12
3 13
2 14
1 15
0 16
plan  395
0 1
1 2
2 3
3 4
4 5
5 6
6 7
7 8
7 9
6 10
5 11
4 12
3 13
2 14
1 15
0 16
plan  396
0 1
1 2
2 3
3 4
4 5
5 6
6 7
7 8
7 9
6 10
5 11
4 12
3 13
2 14
1 15
0 16
plan  397
0 1
1 2
2 3
3 4
4 5
5 6
6 7
7 8
7 9
6 10
5 11
4 12
3 13
2 14
1 15
0 16
plan  398
0 1
1 2
2 3
3 4
4 5
5 6
6 7
7 8
7 9
6 10
5 11
4 12
3 13
2 14
1 15
0 16
plan  399
0 1
1 2
2 3
3 4
4 5
5 6
6 7
7 8
7 9
6 10
5 11
4 12
3 13
2 14
1 15
0 16
plan  400
0 1
1 2
2 3
3 4
4 5
5 6
6 7
7 8
7 9
6 10
5 11
4 12
3 13
2 14
1 15
0 16
plan  401
0 1
1 2
2 3
3 4
4 5
5 6
6 7
7 8
7 9
6 10
5 11
4 12
3 13
2 14
1 15
0 16
plan  402
0 1
1 2
2 3
3 4
4 5
5 6
6 7
7 8
7 9
6 10
5 11
4 12
3 13
2 14
1 15
0 16
plan  403
0 1
1 2
2 3
3 4
4 5
5 6
6 7
7 8
7 9
6 10
5 11
4 12
3 13
2 14
1 15
0 16
plan  404
0 1
1 2
2 3
3 4
4 5
5 6
6 7
7 8
7 9
6 10
5 11
4 12
3 13
2 14
1 15
0 16
plan  405
0 1
1 2
2 3
3 4
4 5
5 6
6 7
7 8
7 9
6 10
5 11
4 12
3 13
2 14
1 15
0 16
plan  406
0 1
1 2
2 3
3 4
4 5
5 6
6 7
7 8
7 9
6 10
5 11
4 12
3 13
2 14
1 15
0 16
plan  407
0 1
1 2
2 3
3 4
4 5
5 6
6 7
7 8
7 9
6 10
5 11
4 12
3 13
2 14
1 15
0 16
plan  408
0 1
1 2
2 3
3 4
4 5
5 6
6 7
7 8
7 9
6 10
5 11
4 12
3 13
2 14
1 15
0 16
plan  409
0 1
1 2
2 3
3 4
4 5
5 6
6 7
7 8
7 9
6 10
5 11
4 12
3 13
2 14
1 15
0 16
plan  410
0 1
1 2
2 3
3 4
4 5
5 6
6 7
6 8
8 9
8 10
5 11
4 12
3 13
2 14
1 15
0 16
plan  411
0 1
1 2
2 3
3 4
4 5
5 6
6 7
7 8
7 9
6 10
5 11
4 12
3 13
2 14
1 15
0 16
plan  412
0 1
1 2
2 3
3 4
4 5
5 6
6 7
7 8
7 9
6 10
5 11
4 12
3 13
2 14
1 15
0 16
plan  413
0 1
1 2
2 3
3 4
4 5
5 6
6 7
7 8
7 9
6 10
5 11
4 12
3 13
2 14
1 15
0 16
plan  414
0 1
1 2
2 3
3 4
4 5
5 6
6 7
7 8
7 9
6 10
5 11
4 12
3 13
2 14
1 15
0 16
plan  415
0 1
1 2
2 3
3 4
4 5
5 6
6 7
7 8
7 9
6 10
5 11
4 12
3 13
2 14
1 15
0 16
plan  416
0 1
1 2
2 3
3 4
4 5
5 6
6 7
7 8
7 9
6 10
5 11
4 12
3 13
2 14
1 15
0 16
plan  417
0 1
1 2
2 3
3 4
4 5
5 6
6 7
7 8
7 9
6 10
5 11
4 12
3 13
2 14
1 15
0 16
plan  418
0 1
1 2
2 3
3 4
4 5
5 6
6 7
7 8
7 9
6 10
5 11
4 12
3 13
2 14
1 15
0 16
plan  419
0 1
1 2
2 3
3 4
4 5
5 6
6 7
7 8
7 9
6 10
5 11
4 12
3 13
2 14
1 15
0 16
plan  420
0 1
1 2
2 3
3 4
4 5
5 6
6 7
7 8
7 9
6 10
5 11
4 12
3 13
2 14
1 15
0 16
plan  421
0 1
1 2
2 3
3 4
4 5
5 6
6 7
7 8
7 9
6 10
5 11
4 12
3 13
2 14
1 15
0 16
plan  422
0 1
1 2
2 3
3 4
4 5
5 6
6 7
7 8
7 9
6 10
5 11
4 12
3 13
2 14
1 15
0 16
plan  423
0 1
1 2
2 3
3 4
4 5
5 6
6 7
7 8
7 9
6 10
5 11
4 12
3 13
2 14
1 15
0 16
plan  424
0 1
1 2
2 3
3 4
4 5
5 6
6 7
7 8
7 9
6 10
5 11
4 12
3 13
2 14
1 15
0 16
plan  425
0 1
1 2
2 3
3 4
4 5
5 6
6 7
7 8
7 9
6 10
5 11
4 12
3 13
2 14
1 15
0 16
plan  426
0 1
1 2
2 3
3 4
4 5
5 6
6 7
7 8
7 9
6 10
5 11
4 12
3 13
2 14
1 15
0 16
plan  427
0 1
1 2
2 3
3 4
4 5
5 6
6 7
7 8
7 9
6 10
5 11
4 12
3 13
2 14
1 15
0 16
plan  428
0 1
1 2
2 3
3 4
4 5
5 6
6 7
7 8
7 9
6 10
5 11
4 12
3 13
2 14
1 15
0 16
plan  429
0 1
1 2
2 3
3 4
4 5
5 6
6 7
7 8
7 9
6 10
5 11
4 12
3 13
2 14
1 15
0 16
plan  430
0 1
1 2
2 3
3 4
4 5
5 6
6 7
7 8
7 9
6 10
5 11
4 12
3 13
2 14
1 15
0 16
plan  431
0 1
1 2
2 3
3 4
4 5
5 6
6 7
7 8
7 9
6 10
5 11
4 12
3 13
2 14
1 15
0 16
plan  432
0 1
1 2
2 3
3 4
4 5
5 6
6 7
7 8
7 9
6 10
5 11
4 12
3 13
2 14
1 15
0 16
plan  433
0 1
1 2
2 3
3 4
4 5
5 6
6 7
7 8
7 9
6 10
5 11
4 12
3 13
2 14
1 15
0 16
plan  434
0 1
1 2
2 3
3 4
4 5
5 6
6 7
7 8
7 9
6 10
5 11
4 12
3 13
2 14
1 15
0 16
plan  435
0 1
1 2
2 3
3 4
4 5
5 6
6 7
7 8
7 9
6 10
5 11
4 12
3 13
2 14
1 15
0 16
plan  436
0 1
1 2
2 3
3 4
4 5
5 6
6 7
7 8
7 9
6 10
5 11
4 12
3 13
2 14
1 15
0 16
plan  437
0 1
1 2
2 3
3 4
4 5
5 6
6 7
7 8
7 9
6 10
5 11
4 12
3 13
2 14
1 15
0 16
plan  438
0 1
1 2
2 3
3 4
4 5
5 6
6 7
7 8
7 9
6 10
5 11
4 12
3 13
2 14
1 15
0 16
plan  439
0 1
1 2
2 3
3 4
4 5
5 6
6 7
7 8
7 9
6 10
5 11
4 12
3 13
2 14
1 15
0 16
plan  440
0 1
1 2
2 3
3 4
4 5
5 6
6 7
7 8
7 9
6 10
5 11
4 12
3 13
2 14
1 15
0 16
plan  441
0 1
1 2
2 3
3 4
4 5
5 6
6 7
7 8
7 9
6 10
5 11
4 12
3 13
2 14
1 15
0 16
plan  442
0 1
1 2
2 3
3 4
4 5
5 6
6 7
7 8
7 9
6 10
5 11
4 12
3 13
2 14
1 15
0 16
plan  443
0 1
1 2
2 3
3 4
4 5
5 6
6 7
7 8
7 9
6 10
5 11
4 12
3 13
2 14
1 15
0 16
plan  444
0 1
1 2
2 3
3 4
4 5
5 6
6 7
7 8
7 9
6 10
5 11
4 12
3 13
2 14
1 15
0 16
plan  445
0 1
1 2
2 3
3 4
4 5
5 6
6 7
7 8
7 9
6 10
5 11
4 12
3 13
2 14
1 15
0 16
plan  446
0 1
1 2
2 3
3 4
4 5
5 6
6 7
7 8
7 9
6 10
5 11
4 12
3 13
2 14
1 15
0 16
plan  447
0 1
1 2
2 3
3 4
4 5
5 6
6 7
7 8
7 9
6 10
5 11
4 12
3 13
2 14
1 15
0 16
plan  448
0 1
1 2
2 3
3 4
4 5
5 6
6 7
7 8
7 9
6 10
5 11
4 12
3 13
2 14
1 15
0 16
plan  449
0 1
1 2
2 3
3 4
4 5
5 6
6 7
7 8
7 9
6 10
5 11
4 12
3 13
2 14
1 15
0 16
plan  450
0 1
1 2
2 3
3 4
4 5
5 6
6 7
7 8
7 9
6 10
5 11
4 12
3 13
2 14
1 15
0 16
plan  451
0 1
1 2
2 3
3 4
4 5
5 6
6 7
7 8
7 9
6 10
5 11
4 12
3 13
2 14
1 15
0 16
plan  452
0 1
1 2
2 3
3 4
4 5
5 6
6 7
7 8
7 9
6 10
5 11
4 12
3 13
2 14
1 15
0 16
