plan  1
12426
82659
2682
18840
288
243
9480
94818
33805
119477
2207
1
213013
1121205
24491
4223563
110494
plan  2
748224
64692
176964
7368
528
1
2964
171855
67068
24592
219508
120491
14406
585668
1507977
46498
11747828
plan  3
25614
35430
1822146
607383
23079
27194
27195
13305
77508
135086
69248
75725
14480
1507977
161790
567848
97557
plan  4
321024
321024
107007
11088
46785
1617
1395
5679
85941
1099
6773
29232
168583
30824
11280774
460012
321024
plan  5
8127540
1518420
240864
659424
14130
4716
6690
6798
85941
2681
6798
133651
460012
717867
60902
51814
4434022
plan  6
221607
221607
33120
82446
12519
8979
8979
354
157
105373
869710
8979
108158
944647
46741
120491
49145
plan  7
8845242
11870838
302970
100989
20289
2016
1
4521
65979
135086
46067
58648
700696
467301
460012
439642
109068
plan  8
9522
2322
6888
345
12
978
336
1641
49145
7190
16143
311659
1
4945240
1507977
43390
3702569
plan  9
3835140
896628
79968
85716
2556
1
2556
4083
44778
85941
69001
83651
10178
1454880
128388
315697
3342565
plan  10
1404
6264
606
675
51
18
36
1
36
4499
2176
94052
417432
1156108
85941
4350729
41053
plan  11
1801374
221394
73797
62355
62715
521679
15201
25632
85941
37221
17756
1507977
13767
62716
267380
290862
8590259
plan  12
2088
10041
381
1854
51
36
33
1
33
523
2145
334669
357145
1085287
110494
12081448
33551
plan  13
3414
222
102
102
207
135
12
63813
49145
141840
1522
1507977
257891
67866
102
416352
4945240
plan  14
2088
2088
696
696
15852
5295
243
249
110494
479
249
124006
222744
59994
807926
909648
134170
plan  15
1008282
4048323
1533393
481563
1
481563
2157291
62679
22728
49145
46067
122739
674066
29701
460012
497360
48192
plan  16
18432
22464
1169769
506826
168942
22437
5493
5541
85941
1070
5541
120491
332424
371334
1336012
8566
106584
plan  17
3933
189
1569
3564
192
123
5505
50391
85941
77237
112693
1
412475
1507977
70188
4223563
4945240
plan  18
1751496
1751496
2591322
100230
33411
1527
108
5769
110494
20310
6773
28818
869710
228902
1507977
92134
133275
plan  19
14364
19152
1008
57
18
3
2628
5706
85941
1104
39285
1
869710
460012
426068
10019163
97296
plan  20
9030
5466
2343
1
2343
2325
867
55977
6002
286999
7065
85941
4490
240744
567848
481408
441787
plan  21
18972
18972
612
306
54714
18237
1872
1515
59994
5478
72913
210978
321810
92134
511303
1217830
134170
plan  22
5401092
20687937
198864
82026
61200
6375
2145
2235
110494
1089
2234
88074
326387
364519
326653
1507977
33908
plan  23
1404
7068
7068
546
396
178863
10437
11835
11834
62059
119164
199486
442198
497693
1276442
134170
2483991
plan  24
11796
26780178
255378
266994
11706
1014
342
7710
49145
29997
10635
236592
274297
1384424
122405
4945240
2483991
plan  25
70302
70752
23586
1173
40293
333177
5193
2826
13131
12328
120491
1330841
13758
1
1305537
351866
85941
plan  26
175170
23130
52668
1434
147
63
5541
1
5541
85941
1070
52125
117289
206287
1236736
49262
12081448
plan  27
25350
1650
1650
60789
343929
13182
3738
59709
110494
60636
120491
1315142
1047741
21840
1
429643
869710
plan  28
18030
19362
486
174
69
18
12282
5769
110494
20310
120491
1
785047
2483991
460012
1343863
126466
plan  29
2415600
327714
864702
62394
20799
1
80457
4743
28170
85941
41357
76659
50104
274799
1507977
71179
11107989
plan  30
19008
19008
351648
26136
1212
1407
1434
1461
85941
738
1460
259755
44236
869710
1389364
1336012
134170
plan  31
63
63
63
15
9
3
3
6012
24592
20486
10608
120491
467301
798112
685697
99938
12081448
plan  32
9742938
20918916
489564
28014
1716
3384
3384
50406
36576
49145
128946
264162
15962
869710
1024626
4945240
28055
plan  33
6048
36288
5520
690
3066
1536
1
13962
3780
14479
104962
9016
495503
110494
1507977
4223563
55840
plan  34
9471918
4782534
12948951
322995
65925
22677
12330
40557
1257
4945240
110494
120491
338847
596810
1260465
55246
1441006
plan  35
2814609
30186324
739665
3280485
31377
10017
6978
1
6978
24592
1104
204503
460012
972890
29387
5727638
16143
plan  36
209664
8064
12096
2016
252
489
69
110494
354
8646
14637
1336012
52234
869710
1360768
84922
4945240
plan  37
509760
4320
2160
116271
2520
517047
9357
8514
10743
24592
95430
299463
120491
331901
706
781380
4945240
plan  38
528000
264000
24000
46644
426
576
8238
48897
36560
7920
95993
2195
96182
44944
135086
457857
12081448
plan  39
18
36
18
45
63
36
1
36
18
37399
868
116743
122739
721450
110494
12081448
89086
plan  40
9576
10836
9141
3465
999
17145
20295
23175
49145
54405
257891
220308
1
255041
846141
59994
117142
plan  41
2007264
10362810
168924
4017
2850
16044
16044
23040
85941
10188
37053
16045
196181
575839
496368
12081448
20762
plan  42
87888
12924
53586
1506
129
63
63
111
47972
2197
135086
63
120491
608814
781876
32153
1441006
plan  43
53856
792
2280
759
171
1017
96
96
8980
704
96
681386
20518
667889
387492
110494
12081448
plan  44
7896000
71985
2394
609
696
5811
21222
122376
49145
290036
64711
43596
120491
696
220308
10016952
50238
plan  45
8274627
262218
86256
33324
137268
45006
35871
85941
58035
50607
10369
87219
120491
1
511303
460012
4223563
plan  46
606840
194820
194820
5178
2778
2778
2778
81717
36282
24592
159851
120491
13958
809294
903758
134170
4850826
plan  47
1744176
23436
40083
435
3288
339
531
627
110494
522
628
34661
452475
233469
896123
69914
10762169
plan  48
8160
4080
4800
2544
849
1509
39
1
39
11326
1821
352170
68457
460012
845168
110494
1441006
plan  49
6200064
8496
24592
27884
78996
41349
2421
252
78
1
78
32684
2141
118129
342921
1507977
1579800
plan  50
9907740
2427231
3355965
53985
5478
5664
6090
94410
110494
94747
61657
364519
5664
869710
1507977
89961
40988
plan  51
964248
258366
284880
8814
2937
1845
876
888
135086
1197
888
180707
109619
365245
1287479
129036
4216345
plan  52
180
2088
696
4476
1491
1518
117
118
117
13572
959
186830
729744
460012
110494
2483991
13930
plan  53
1035864
381168
389298
14250
34548
14034
12810
20955
113944
1859
20956
266581
580791
59994
1507977
131753
5783975
plan  54
948426
24846
33831
1653
360
1
360
435
3327
41209
4499
110494
299463
592074
1464197
96404
4945240
plan  55
3276
3564
90
30
45
39
27
249
110494
479
1
162185
503765
92134
460012
1507977
108288
plan  56
5040
5364
13410
396
45
5970
2106
1
2106
110494
1024
84819
112381
869710
744515
36602
5646621
plan  57
80388
2175
2175
69
69
30
30
72
24794
2141
135086
30
102480
677103
1030188
134170
20408
plan  58
101808
101808
24912
2340
5454
324
123
110494
582
10446
18054
243415
579318
41056
666383
5406353
134170
plan  59
4415508
1592982
530994
611280
31791
1596
81435
96489
110494
182260
120491
8910
589199
587356
106695
308828
511303
plan  60
720
720
144
672
453
288
13176
2154
24592
20792
187725
1
267380
543652
49416
6203625
134170
plan  61
1870656
88392
3186
3186
35469
456
53619
26895
110494
30762
95950
40621
1437381
14874
3186
59994
7740243
plan  62
504936
459288
11421
1419
1
1419
2145
588
44439
24592
96082
4499
107432
81160
868197
4945240
364519
plan  63
9
15
1015329
24111
11316
33828
3777
6773
6068
45730
1
810264
576714
23112
24592
128946
53064
plan  64
11280
925824
8244
267
90
48
795
14052
24592
10188
8980
1
220281
380409
768665
12081448
781
plan  65
17892
17892
252
2007
102
48
6
183
915
2192
1
808782
82765
439900
110494
11414158
100315
plan  66
394698
60852
5472
30300
3414
1137
4716
36864
59994
86649
55247
26117
203714
1366430
33388
869710
7112656
plan  67
864
2484
3570
6888
2295
3414
1710
1710
6773
2190
1710
142877
396285
460012
135086
5989443
40494
plan  68
51840
2880
123966
10647
3519
32766
1566
1617
135086
584
1616
1111551
15983
460012
748921
57760
6541296
plan  69
47106
147870
3702
324
183
1
183
63
369
14881
7450
110494
1936808
511303
655049
1507977
48626
plan  70
5148
7644
7644
156
183
12
12
14205
24592
5030
8980
13
869710
148315
1507977
567848
85732
plan  71
1080
1440
360
120
12
12
12
42
7222
1236
120491
162185
110494
9564440
315329
1507977
75177
plan  72
806001
2122860
41778
3765
3372
3423
2004
69735
24592
218586
6773
909648
3423
432996
489559
1443892
63174
plan  73
3983760
677736
199905
4617
213
72
72
5148
24592
20310
6773
71
343758
842638
1505637
39582
8686030
plan  74
1110591
16938
7089
4521
1
4521
5352
1752
65724
110494
72483
4499
128634
115549
377253
511303
12075737
plan  75
1786344
357762
401814
10146
10062
1350
1
1350
30225
24592
142098
12540
310104
432996
1507977
123748
1441006
plan  76
9264
18600
3111
31503
11619
6159
7774
7773
95790
110494
61370
10000
85978
825677
567848
1412929
79956
plan  77
4800
636
636
318
51
1983
1077
5841
24592
65505
93111
909648
1
703098
741019
131887
1012240
plan  78
158652
11538
474
474
87
18
1533
66990
24592
188947
6773
1
620762
992463
134170
4945240
9861504
plan  79
1233
32307
2031
81
111
21
1866
158631
24592
314522
6773
1
907241
111115
4945240
12081448
36082
plan  80
353808
1324068
27060
786
1722
252
87
96
96
9080
959
354942
411382
67156
4945240
10794745
110494
plan  81
3747744
12168
11131404
99306
5025
5886
2466
12369
24592
99902
41000
909648
5886
678882
1507977
6936
4945240
plan  82
3588
252
246
324
78
102
45
45
135086
676
44
301700
695821
995678
107094
4223563
4945240
plan  83
8531712
370944
46368
2898
969
381
1236
6072
59994
37335
67543
54810
119469
382611
673404
577843
266194
plan  84
33264
11448
288
192
1848
4689
483
42081
158959
6773
1
1319381
55985
59994
751464
4945240
4223563
plan  85
17382
27444
93852
13422
3978
2634
879
17433
45548
49356
33502
336100
429643
476663
1507977
71308
909648
plan  86
351780
17268
5049
7323
750
255
243
249
110494
479
249
429044
774633
1507977
100216
1336012
4945240
plan  87
2122332
14062926
645510
416808
30648
10224
21729
35127
35128
55867
92113
105373
284268
590726
158148
925164
9722
plan  88
3880710
134298
184080
10647
729
738
1029
3984
67533
8319
110494
46688
738
861373
1280007
114256
6958906
plan  89
240
240
48
12
18
6
3
4002
24592
16223
10608
460012
973469
57014
814993
4945240
1336012
plan  90
33
1782
24592
7186
631740
18831
1347
261
972
39714
7667
124964
2207
1
89058
869710
12081448
plan  91
1602
1938
1902
612
1596
66
42
42
4499
2115
42
211715
1507977
46141
550319
567848
135086
plan  92
876096
67392
115985337
115985337
1954707
2109336
66450
55953
24592
204655
72913
4521611
2195
877324
134170
17262
869710
plan  93
1430784
262421568
2445450
121983
11397
5448
3018
3156
110494
2767
3156
120491
400158
497352
869710
11083627
21054
plan  94
4959024
1812984
8302533
17326866
160890
7233
4698
6855
46567
2170
6856
327485
752633
1507977
70711
59986
11489507
plan  95
1516368
3432
24592
13536
102441054
1052172
251364
12696
4278
4353
84819
1446
4353
460012
530355
657381
12081448
plan  96
49422
1422
1422
78
27
15
18
2217
110494
1073
4499
17
716958
251086
620044
134170
12081448
plan  97
876096
5454
24592
19148
72387009
887916
37854
1749
1275
1290
1821
2207
1291
323911
762451
403835
12081448
plan  98
30600
1314
1995
575937
25629
20358
25221
40665
24592
46555
2197
25222
293845
766915
133382
93758
16314
plan  99
33660
4428
354
2610
222
75
48
117
42292
594
47993
337051
229158
1507977
31137
4945240
5401712
plan  100
8448
810
1296
3471
3414
252
126
126
75365
2053
126
67246
100745
909648
44682
135086
9030
plan  101
1331028
45928107
110022396
1657236
195567
216663
92892
65979
135086
46067
114807
411323
216663
632938
1179130
61415
42842
plan  102
984960
41040
2925
159
9
18
21
5970
24592
67233
4566
21
120491
639608
369317
59194
3589680
plan  103
31104
38214
23732508
7315569
33502344
290430
63645
83016
24592
135190
2205
119479
1507977
28864
460012
9762
4303559
plan  104
2736
2880
480
480
24
9
1
9
1383
35715
2115
6519
404782
665347
110494
3467258
133596
plan  105
66096
816
1590
78
27
45
33
33
110494
761
34
257891
275516
316261
457484
72073
4945240
plan  106
288
3651
414
138
138
72
27
2184
110494
1058
1
120491
380362
567848
460012
463699
16364
plan  107
1800
1800
1800
600
9
9
3
1
1
263566
8980
669887
10
4945240
209374
110494
257891
plan  108
17136
1533
597
1800
54
54
54
2442
24592
25175
2161
54
836548
1248300
50733
118914
13958
plan  109
44880
4350
8715
288
294
2241
3333
4185
24592
44206
299463
20376
120491
294
1507977
58741
37410
plan  110
768
3648
192
90
6
6
195
26052
110494
10188
1331
1
674167
4497555
268847
1358706
40178
plan  111
87648
103692996
1315932
7561908
78387
35055
8598
8676
135086
1024
8676
120491
407389
1314405
24181
10335336
13650
plan  112
67344
321928071
2009577
2570799
50448
51369
63459
23112
24592
128946
120491
261523
51369
584561
104013
4945240
46070
plan  113
588
1596
228
12
3
3
1
1923
25737
24592
79074
42184
665459
306618
1031005
8710074
54916
plan  114
1512
2352
15774
378
144
144
12312
4695
24592
47563
909648
22675
144
659196
1132459
59994
93216
plan  115
960
240
900
180
12
3
3
1
3
24956
1291
267380
277278
720134
800106
67933
1729377
plan  116
720
720
111156
1644
549
228
228
2217
110494
1073
6773
229
644050
382310
1507977
110265
134170
plan  117
1728
1728
576
63
9
1
1
1
1
240589
1
267380
571582
81977
5663513
460012
110494
plan  118
144
288
175536081
2078244
18438
1056
336
735
24592
522
1
460012
821476
1507977
10787180
16082
101355
plan  119
1665
2634
18501
945
315
312
1
312
8980
2115
257891
365384
1507977
10737
24592
29349
76865
plan  120
3696
4962
3291
5238
1974
93
582
1635
85941
860
1
94110
165332
909648
100010
102102
19870
plan  121
1008
1008
144
318
153
27
2187
33387
24592
151353
6773
1
305865
656325
59994
11297327
134170
plan  122
672
1440
1440
540
24
24
570
3360
24592
34564
98239
6180
24
643418
36012
299463
46303
plan  123
1151952
136572
14304117
9154914
716499
8965578
173346
71010
24592
230006
97758
1333920
12344
2483991
267380
1
609984
plan  124
55542
1149
13875
2841
2412
804
6750
6801
24592
1070
6802
178325
443192
672675
1441006
16419
59994
plan  125
10419
3474
90
978
81
36
1443
40215
5255
242585
1446
1
113944
748705
110494
9991781
460012
plan  126
3111
4233
1941126
13683
1170
324
492
25686
24592
283924
6773
493
449992
1507977
4945240
17560
86332
plan  127
1620
2028
1020
1020
1473
546
54
6972
24592
1102
1
591369
202756
41671
120491
3734933
110076
plan  128
2141568
7284
24592
22994
117163320
913485
200496
7653
2421
2427
47926
841
2426
460012
660925
1336012
1404583
plan  129
4652520
287531637
1470483
132828
83127
170226
794772
15585
24592
46067
1507977
26120
1
357547
693221
4945240
17602
plan  130
15840
720
720
144
18
1
18
3
33
20658
1168
110494
285503
500767
267380
134170
18100
plan  131
7545
4602
780
129696
999015
7872
54495
56613
22153
97520
364519
2207
1105627
16520
1
455184
24592
plan  132
576
684
780
594
198
21
87
6807
135086
2767
4499
1
693263
460012
1286051
105373
112141
plan  133
1377
1377
92481
909
303
228
228
2262
110494
1096
6773
227
309865
460012
739206
1336012
134170
plan  134
2460
3165
651
186
9
42
1440
15090
904
724053
2011
1
105373
621102
170755
116796
24592
plan  135
38880
2064
426
4596
19077
1413
3030
56430
110494
57552
6773
257891
967750
35319
1
467301
11418
plan  136
252
1116
1248
60
27
27
15
1
93
8190
959
253095
429643
460012
1507977
92134
26981
plan  137
1200
3600
1800
153096
2826
651
651
6831
24592
77766
2207
651
101771
1507977
3018
12081448
46600
plan  138
1080
1080
244374
13554
180
192
114
1395
41375
959
1
576775
432996
1138032
7910933
20408
134170
plan  139
360
1044
1044
36
12
9
9
6351
24592
3090
4499
8
319527
441000
1342638
567848
51432
plan  140
20499
459
134170
459
13913703
649482
25818
26358
10887
24592
52686
84819
26359
725218
858201
5886
4945240
plan  141
261
969
969
69
852
114
1
114
6675
24592
6164
4499
440089
203081
1507977
257891
38999
plan  142
1320
1320
1896
633
15
3
3
45
1
602137
2211
2
421124
4945240
177077
135086
299463
plan  143
3135
3135
2127558
64305
1653
342
345
29232
24592
23344
6773
346
613574
1466263
12081448
22962
134170
plan  144
84978
3375
1491
1491
75
24
696
4758
82283
4499
110494
1
345057
374134
134170
1336012
4945240
plan  145
3755808
19035180
27876708
639396
70650
23550
1785
945
59994
1719
113944
199486
219280
698845
1298440
87392
1336012
plan  146
20400
1200
24732
2580
1731
3894
648
702
27845
959
760559
1155378
56949
28184
869710
110494
4223563
plan  147
35874
35874
3705792
39807
3864
1278
1404
48831
110494
105373
2204
679738
457484
584594
1171431
8980
134170
plan  148
36864
36864
12288
1023
1023
49092
12402
142785
110494
264298
2115
120491
13390
753029
1507977
239059
131230
plan  149
8424
648
990
18
1863
96
405
17355
78624
5786
110494
46688
692581
265457
1507977
93344
3682587
plan  150
1056
1944
7536
480
159
15
15
12
340
2047
119428
359331
315793
212844
1507977
33146
24592
plan  151
134640
228888
10404
306
102
6
6
6786
24592
2147
234
842771
782972
460012
813586
7089532
66780
plan  152
25614
30024
13944
311490
5331
618
639
44676
85941
137578
35680
698148
295030
1125857
3392
429643
22838
plan  153
27288
888
1008
72
24
6
162
53835
110494
259034
4499
5362
637730
292521
1307919
115680
12081448
plan  154
506403
7635
40173
1200
399
306
306
19719
24592
129351
4499
842771
109619
352608
1143022
23253
12081448
plan  155
59454
59454
378
126
45
6
3
6
1
1333128
561611
106307
285817
909648
400888
4945240
135086
plan  156
8712
12672
40560981
1605585
26364
8967
1323
561
24592
52058
351983
749766
909648
1507977
1012240
4499
110964
plan  157
28536
1260
2454
180
72
24
24
1011
110494
4293
4499
842771
214060
1336012
904350
73417
4945240
plan  158
2136
2136
2136
111
36
6
6
1914
49145
49638
2246
267380
710431
460012
740665
257891
134170
plan  159
19110
19890
306
51
2817
186
285
5670
49145
89742
2207
43722
587326
651641
120491
12081448
123794
plan  160
4830
11040
480
480
30
9
3
66
44610
2205
4499
524984
401228
1507977
85941
8649106
46704
plan  161
27384
27384
1905
11505
87
105
60
300
86243
2207
47926
176551
364519
782147
25087
796955
85941
plan  162
2280
1626
6720
2241
12867
522
522
306
8980
2053
193134
842771
915626
29287
460012
110494
909648
plan  163
5034960
27933219
298920
15066
21159
23478
16275
105378
135086
299463
6068
46567
764147
258977
869710
1490011
21408
plan  164
58596
2628
36303
1563
165
54
288
19404
24592
751604
4499
40621
460012
805538
787399
12628
2502494
plan  165
7200
7200
4572
462
717
231
57060
69699
85941
205015
706060
1028
120491
192711
869710
522530
119895
plan  166
189045
209136
1686213
23757
7893
2718
3228
3516
12649
97758
109619
105373
246542
460012
1507977
17432
24592
plan  167
115776
418716
7578
9840
1023
117
231
35844
85941
112944
29419
737816
104710
59994
104877
4945240
909648
plan  168
1045350
68182593
3640224
7515447
125103
55563
61860
23913
24592
299463
108116
754720
408886
1507977
58949
869710
18296
plan  169
2952
67950
21552
1620
540
69
3228
43050
49145
752319
2207
8980
869710
444697
872427
1336012
11239
plan  170
252000
100213779
1609812
106374
35184
22911
22911
68193
85941
299463
20376
842771
103337
460012
824362
1160658
41370
plan  171
22629
35226
36690
642
87
432
465
27573
49145
109635
4499
798232
4566
712135
431769
257891
97422
plan  172
632247
665040
619716
69384
29574
2424
2424
175137
110494
370538
784
627695
433885
511303
869710
567848
128485
plan  173
624060
1518324
1518324
12548022
321948
22788
22788
184902
85941
460012
25677
820836
415577
676844
55822
134170
909648
plan  174
30240
56160
455348343
3212598
165645
47115
52329
78225
24592
446393
5362
614313
120491
624468
1507977
47356
77303
plan  175
3272184
4011276
211620
168540
52197
80529
51048
51048
49145
235281
842771
507947
511303
1336012
36254
1507977
119350
plan  176
98904
45231009
128659404
1430184
70314
254829
272400
184902
85941
460012
120491
758123
2207
488114
1236327
53174
13470
plan  177
7607466
2376426
99840
329163
7611
21840
74994
84381
85941
236115
737816
27866
120491
1507977
55027
42674
4663335
plan  178
816
816
408
24
9
3
3261
49146
49145
842625
2011
4499
550282
460012
746474
1336012
134170
plan  179
31305
1593
9054
402
33
2622
2649
146151
85941
341607
6773
798231
4566
834326
1447481
21850
6721651
plan  180
128328
3012
3291
252
141
141
6591
34938
49145
270618
2190
8980
842771
395397
1279590
117845
12081448
plan  181
5328642
1778346
132488442
155817429
1559895
744009
162960
9003
135086
2145
430821
120491
399761
1127283
117023
43660
7532735
plan  182
8378220
492132
11528667
21231201
1001928
341880
264381
82389
85941
771100
409280
432996
455095
585362
67217
10896
7796934
plan  183
47520
79200
1067040
24592
59010
360
24
21
6
39
2076
2197
93111
909648
239035
1500799
71212
plan  184
69552
366
3186
102
33
9
72
26136
49145
246096
6773
22675
567918
232212
953593
15567
59994
plan  185
337248
66562017
646515
1466595
13626
654
22110
22110
24592
244350
842771
1446
448708
693993
64210
12081448
9124
plan  186
1700580
399584490
2992320
200400
313992
7920
2187
27072
24592
270196
6773
37020
1495355
75495
869710
4945240
105373
plan  187
775401
10035
13890
696
435
609
4320
4434
53519
4499
652150
110494
109619
202630
1507977
102017
12081448
plan  188
55308
67410
22560
5712
150
18
2571
3576
24592
75345
688992
2207
85826
1507977
120491
1376211
104015
plan  189
11070
19068
13116
924
141
5106
5643
123084
110494
255703
8980
638388
2205
838145
1083620
909648
81378
plan  190
8640
4320
4320
432
24
108
24192
10707
24592
122483
59152
102001
39670
841785
1293317
133728
8685413
plan  191
316800
3168
1056
1056
1206
567
6834
1425
475
842771
494388
131558
11099043
98060
130988
70085
59994
plan  192
91908
2214
40041
77877
655893
17679
159411
196692
64188
30332
608941
704
869710
1336012
68501
110494
57914
plan  193
1352400
1411200
9876561
318249
12075
1905
732
1911
49145
44827
90359
423183
1507977
4945240
5500595
959
132658
plan  194
7740
7740
9648
606
30
144
1320
7032
51753
33876
393141
85941
299463
759613
842495
50890
134170
plan  195
299520
1219658730
18778791
223143
26103
8841
22566
17199
49145
140400
98296
58986
200470
866314
4945240
12081448
302
plan  196
6743400
57399501
2413677
4182702
83763
5148
23007
6003
319619
2205
116136
173662
220623
1507977
59273
12081448
31112
plan  197
2312022
296673
32583
37761
3657
1251
279456
291165
114051
44554
732852
1859
120491
408456
123728
12081448
13880
plan  198
6135
196926
10455
15396
390
132
165
69
792
40621
80195
192035
460012
1091255
84782
3511764
110494
plan  199
73728
159786
107433
150045
2685
603
5301
6534
24592
147219
720287
2207
120491
1240452
105391
3653069
9530
plan  200
1654848
114657063
36004551
1418553
45387
11307
173022
173022
135086
294925
842770
2147
120491
422796
861481
909648
44032
plan  201
699
276
81252462
513342
646116
14355
1722
7353
85941
87151
85978
848088
1313732
108772
4945240
12958
12081448
plan  202
3840162
281082
8172
1737
5157
777
825
185874
110494
401060
482
764147
512683
51180
852504
4945240
6021650
plan  203
1835442
52629180
4811382
261849
809643
15249
12312
12630
24592
201846
763206
120491
1476069
49745
869710
1108461
25566
plan  204
965808
717669
34260273
93413034
1328562
379899
30438
12096
24592
688992
120491
122739
467117
1255048
42772
59994
873025
plan  205
624
5196
732
12
3
3
3
1617
135086
1446
555
307721
336218
460012
1042264
909648
18323
plan  206
33198
33198
35634
6480
5850
210
216
51
4222
2205
120491
567848
869710
424540
224585
119334
85941
plan  207
1536
18432
6144
513
513
33
3183
2268
110494
2198
60509
7254
305543
794060
1269288
206613
25603
plan  208
52974
57282
83775
3156
1053
702
1074
2001
45736
49162
69901
92134
232012
460012
1507977
24592
116843
plan  209
5011212
180873591
4024071
5532903
52320
4710
92418
117879
135086
210773
702370
5362
404741
1507977
94034
2757121
21670
plan  210
154224
1066022547
10027596
399663
1505874
17193
174009
180423
85941
447926
764147
2207
1507977
35548
731679
12081448
43076
plan  211
1944
3960
3960
72
24
1
369
10089
85941
91167
2197
8980
869710
353556
1333770
257891
78252
plan  212
10944
22464
65040
21642
615
66
4908
4908
24592
104093
842771
2204
156007
1416061
120491
299463
65954
plan  213
23706
34218
343050
298350
15162
5055
5055
73011
342426
2192
10652
784788
397768
1507977
4948921
135086
92122
plan  214
5940
540
20743080
107085
146259
7986
3021
2394
44538
25677
281147
373607
392997
103193
4945240
9004
7937979
plan  215
48
192
3492
54672
9615
480
162
288
5971
6773
109619
210752
510927
795002
59994
85941
18942
plan  216
1440
4800
960
960
96
33
3
150
5373
2145
6773
772703
460012
647899
85941
5110309
61009
plan  217
576
576
96
13680
348
57
57
6693
24592
152530
1713
795913
656014
1002482
16238
12081448
134170
plan  218
15096
49104
2808
574215
430770
128154
131787
102528
135086
257891
95993
393141
271215
432996
1212
1507977
22289
plan  219
4213440
110880
3168
3168
66
6
3
9243
49145
98786
959
349302
679922
586556
134170
4945240
11308943
plan  220
93744
3177
5148
1740
873
792
363
387
110494
830
372504
120491
468364
567848
460012
56324
4945240
plan  221
36
9540
93867
326121
5511
1842
2142
1767
5016
109619
120491
158014
460012
850303
41154
59994
110494
plan  222
1557
5241
1422
771
771
45
45
669
1
1507977
1446
842771
571399
299463
128005
120491
110494
plan  223
104580
23364
54259476
332604
3037911
54033
63393
23112
24592
257891
119478
265571
1507977
12338
4945240
59994
608566
plan  224
4680
6480
1296
1362
453
45
45
6975
24592
2205
356
798230
282918
460012
1016068
1336012
79279
plan  225
1116
12909
6297
2076
12
3
3
9
1
369683
4566
750898
464430
12081448
460012
119479
110494
plan  226
2250
450
222375927
1117260
30309
9876
1296
588
24592
65966
120491
438799
460012
870383
4945240
20858
8277526
plan  227
6660
6660
1332
444
12
3
3
45
1
1507977
2047
794060
409908
1441006
248098
120491
110494
plan  228
2788788
207150
943446
21893292
299979
61380
104799
146808
110494
309099
688992
118523
227595
1507977
5861
59994
9989657
plan  229
346680
13074906
13074906
3277038
148242
1704
29037
27834
67848
120491
444147
39508
4945240
1111885
742235
134170
4223563
plan  230
88704
2016
110494
2016
1071
87
81
3015
417
44610
6773
1507977
4474
429643
869710
9262
10370263
plan  231
14259
7743
1413
1308
1128
33
255
741
1
1507977
2179
190620
869710
567848
46787
120491
24592
plan  232
2205
16578
2862
954
30
3
3
36
1
197501
2147
798232
758766
12081448
396126
120491
110494
plan  233
10857
20031
71343
888
297
297
138
66
44541
2207
74340
284056
567848
460012
1507977
48555
110494
plan  234
94743
3846
6261
300
105
72
651
85620
135086
319619
4499
22675
381778
460012
1507977
87879
5736855
plan  235
1006704
75407343
25807245
1247442
1481367
70605
59643
24033
24592
798230
117653
158148
692672
111359
869710
909648
20270
plan  236
120948
176224383
2607819
99954
1070970
11727
43173
44172
24592
360810
795386
2145
1208723
14372
714395
8364743
15830
plan  237
35040
49997943
2118078
15765750
395844
73920
76602
79416
110494
257891
119045
764147
199486
765439
18800
787628
19080
plan  238
2112726
2212236
147207972
1688616
115074
2826
48837
33927
110494
430500
460012
32744
4945240
838229
1507977
567848
120191
plan  239
62865
17107431
4276044
13007781
111456
189435
101133
35796
24592
145984
97758
230368
2190
791511
39730
1336012
71671
plan  240
4818456
444240
167373654
50189355
87277701
720882
153657
227682
24592
869710
2197
119428
1507977
71628
460012
18184
11666241
plan  241
114048
114048
3456
4608
1536
129
9
1137
24592
82212
4499
140824
869710
460012
84131
4945240
299463
plan  242
3456
3456
576
576
36
12
3
66
44538
2197
4499
697034
458183
1507977
135086
1387889
134170
plan  243
8135286
41796492
254293590
84766377
2088588
25026
102069
105435
110494
768650
201019
45158
4945240
1507977
460012
2483991
30121
plan  244
2689794
76674708
528630
528630
19848
6693
7176
83385
110494
166338
16404
749107
460012
1039214
134170
4945240
567848
plan  245
1034400
205473912
1119414
3531660
102081
70557
70557
26136
24592
364519
120491
842771
335338
629563
38040
4945240
10362
plan  246
1266
2634
1344
2235
126
126
8076
22299
24592
151050
2205
8980
743985
499277
257891
61843
74324
plan  247
7173216
3154812
3154812
38367750
885660
44373
14466
6555
796482
2207
60328
460012
712558
749064
58758
134170
4369344
plan  248
3384
6744
606396
8850
594
4620
4734
96300
110494
194401
6773
754720
2141
867631
1286780
1336012
70150
plan  249
22656
22656
40709868
692886
20727
11655
5490
68778
110494
344165
6180
105632
362086
1507977
12081448
35130
134170
plan  250
77553
33458043
1532259
5574024
105342
34800
34800
26136
24592
364519
109619
842771
460012
1272242
33027
869710
4499
plan  251
5127402
1603218381
24586440
39697227
440616
48744
24639
24639
24592
259434
842771
120491
162185
1000715
77423
8195599
37426
plan  252
5874
5874
1886253
31566
1830
1452
1998
81465
110494
299463
2204
674890
293422
869710
1024104
8980
134170
plan  253
4709616
131930055
1272951
56982
18315
4956
4956
23913
24592
299463
5362
842771
117653
460012
869710
1262720
38662
plan  254
188952
67929
20831169
2024031
231816
683916
29769
110493
110494
842771
39732
1507977
40264
869710
1012240
47560
9918709
plan  255
2784
2784
927
15
3
3
159
26052
110494
20376
959
21698
755619
869710
586371
909648
134170
plan  256
3903480
86840808
596316
53850
32661
11070
103407
24591
24592
767557
380212
15691
425674
59994
869710
4945240
4223563
plan  257
10152
5076
564
189
3
6
6
6
1
457079
52338
669549
2207
12081448
81504
63323
24592
plan  258
691410
7515
1899
159
54
54
1923
19839
1420
533109
2207
14907
842771
78480
12081448
118914
59994
plan  259
504
2418
13536
456
45
15
32274
32274
110494
68962
842771
2053
85604
869710
1507977
23911
4381748
plan  260
12480
27840
2784
48
12
12
258
93
8558
959
432428
110494
798232
869710
1507977
7202877
61955
plan  261
634716
47991336
948714
17628
3708
4929
942
1815
67115
959
561611
825098
103769
869710
4945240
12081448
24592
plan  262
552
1044
25506
960
228
606
4089
4182
24592
87755
748468
85978
257891
824254
868437
9540
79053
plan  263
1437264
37810284
375180
375180
1193463
170925
11634
17304
110494
102716
252800
615094
820161
59994
134170
4945240
2483991
plan  264
14508
468
576
168
51
3252
3252
211776
110494
450382
4499
842771
2053
869710
905961
114239
12081448
plan  265
1584
2376
216
135086
216
582
195
342
2520
6498
60037
72219
120491
304523
9952
12081448
85721
plan  266
11448
1368
1368
2196
54
18
27
66
44540
2198
110494
176804
460012
1507977
95242
1336012
97758
plan  267
141360
7440
8928
1488
40464
13938
14472
32448
110494
149041
22802
205937
460012
59994
1507977
80019
5442075
plan  268
94152
28445658
393237
195822
1069821
12888
14226
4056
259034
2207
101404
246205
1074562
20610
648659
12081448
29056
plan  269
160938
7623
11868
663
138
15447
15933
187812
110494
404677
8980
794060
3207
426217
1507977
94361
6057065
plan  270
18
18
6
6
3324
84
72
75
61795
1223
735464
441787
53106
110494
12081448
1119206
128246
plan  271
360
139454232
1200582
1525887
104145
34494
32922
13386
24592
172555
120491
257891
460012
706060
103188
4945240
32698
plan  272
118548
212744622
43308279
52649577
526614
33162
32004
32004
24592
293515
842771
46688
869710
1507977
113127
1336012
25630
plan  273
1224
305667987
1184397
20388
7836
2616
2616
137745
110494
254655
1420
842771
460012
1336012
1326211
4945240
28758
plan  274
8270058
31864434
790914
263637
69624
69630
1488
3321
24592
65389
6773
57376
746798
7069519
433872
1507977
2147
plan  275
1368
1368
5472
456
153
9
9
9
4268
915
158148
842771
869710
275988
1484145
30682
110494
plan  276
17856
20700
6990
7508772
92688
11016
10650
10887
24592
105373
798232
252712
511275
1483945
16844
6773
125572
plan  277
122412
7200
7689
219
186
66
4044
4044
24592
83149
842771
2198
106974
547058
976427
122834
42606
plan  278
3215352
21561
35723607
1003680
10419954
163038
72243
104985
110494
763206
120491
246110
1411403
14634
4223563
18962
4945240
plan  279
114480
2160
8640
192
48
108
1587
58380
110494
128078
4499
6737
466943
869710
4945240
77547
4223563
plan  280
163800
102488922
344967
32289
4668
58161
4818
17286
91872
1067410
11982
556786
2483991
4945240
651
24592
1325
plan  281
635040
30240
2340
129
12
21
6975
7110
24592
162244
758123
4566
120491
406791
1507977
59994
1441006
plan  282
1444218
52769454
272406255
2621517
226662
75966
59499
129246
135086
766822
65826
432996
460012
466913
1507977
23599
40938
plan  283
5760
10320
2064
48
15
3
33
37284
110494
172555
4499
6068
869710
460012
1216139
909648
71960
plan  284
104004
7176
126679017
493149
44274
14529
595605
12294
24592
693729
1507977
4799
451711
573488
4945240
19214
12081448
plan  285
10080
10080
3468
870
18246
6093
5652
3888
5016
120491
220308
270403
302625
45548
869710
1501789
134170
plan  286
27495
513
513
33
12
6
498
92292
110494
737816
1028
4499
506182
460012
1507977
134170
8502617
plan  287
4174848
29749887
89569044
849828
49719
15627
4761
5652
110494
80473
199486
246204
460012
543732
1507977
39567
50158
plan  288
101088
2592
112190
3024
90954
1908
108
5874
7263
24592
166888
713042
22675
520283
1507977
21742
8516052
plan  289
2835
2835
2835
303
129
42
12
6
1294
2207
97758
299054
460012
6464084
898757
134170
135086
plan  290
479856
127642731
798113826
7129137
2376951
258198
75522
110493
110494
842771
120491
122739
332111
446491
1485452
22093
8610
plan  291
450
90
122933550
3534798
5114340
112134
16932
13680
135086
88938
120491
719840
1387211
85567
4223563
17166
4945240
plan  292
2544
1464
1464
156
51
15
30
723
843
32436
49162
364519
606757
449704
1507977
134170
135086
plan  293
5688
792
1224
60
30
18
28305
44112
110494
94457
608941
2207
109239
538145
1333149
103417
10477310
plan  294
7419
25437
1677
558
27
9
9
2109
110494
2053
514
842771
464807
10123558
251932
1313988
33433
plan  295
11520
5760
5760
8804700
256521
31251
31251
38826
24592
333381
30422
842771
335844
629143
59994
132114
3776299
plan  296
1399920
451830456
3014130
9124155
167136
55326
51186
19785
24592
297946
119461
299463
460012
1507977
50919
4945240
14160
plan  297
852
1740
1191
2133
954
333
363
1761
92134
1028
255091
68471
136432
460012
79162
97758
110494
plan  298
3172368
82410
2373
3726
96
33
6
189
75949
959
110494
201259
460012
402857
84046
4945240
12081448
plan  299
431046
6873
12627
873
291
315
11538
134010
110494
248467
2179
8980
633551
310136
1507977
71589
12081448
plan  300
3600
120
4773
11169
35169
1344
2052
2052
127495
959
842771
158148
785154
32610
59994
110494
12073837
plan  301
66192
22065
303
1281
87
408
96
51
959
6180
59994
721520
767665
1507977
38682
10610034
355117
plan  302
282132
96669
1245
6579
78
12
12
20883
24592
236957
21
797035
869710
852706
26805
4945240
81977
plan  303
657012
657012
1984584
126231534
6388182
310905
103791
24033
24592
791812
467301
460012
732980
869710
13924
1336012
134170
plan  304
504738
1495731372
23834274
944073
1810998
45558
21051
5439
297946
2198
118914
397384
627817
64012
869710
9332040
13724
plan  305
2556
5862
9183
1107
399
198
210
69
57983
2207
108116
299463
435551
422319
421986
75742
110494
plan  306
1562160
1105657446
12166350
17389962
163305
7677
138009
147468
135086
256474
753832
2011
804189
1507977
87763
10645238
29144
plan  307
43776
193254240
5040321
9977922
94692
30144
6966
24591
24592
842771
2198
119461
460012
1507977
61633
3740339
20866
plan  308
7695
10494
3888
1251
537
24
24
114
1
1223858
40621
842771
836053
299463
460012
106974
135086
plan  309
13893
7188
1242
5934
3999
1203
1161
90
157
140400
590212
364519
398464
570802
20040
120491
135086
plan  310
95196
365082
45807813
2436657
4644717
110046
36381
16224
24592
740054
83800
460012
1256296
65102
869710
10136
1336012
plan  311
696960
24828537
218544
181593
244383
19839
50529
110493
110494
842771
68130
287373
594063
94923
59994
4945240
506842
plan  312
24480
954
1755
1188
759
2820
2820
140307
10724
706441
1374
307721
2147
422829
86538
110494
3482175
plan  313
6840
675480
38463570
1962723
134337
44412
45195
15585
24592
92134
120491
774922
460012
565471
869710
21396
4566
plan  314
15036
480
1422
78
45
3246
3339
215589
110494
460012
4499
794834
2193
698390
1507977
55699
12081448
plan  315
214272
53568
45501855
45501855
712401
511386
91047
102528
135086
257891
64798
162185
328821
842564
134170
59994
527261
plan  316
1344
2688
1344
3252
24592
20142
629424
10959
774
270
5016
6773
191725
1507977
4945240
257891
80578
plan  317
328320
10944
29002053
8994579
21125622
257217
62973
185505
24592
458543
6180
120491
1340421
50998
460012
34060
12081448
plan  318
1872
5304
1788
1014
168
168
294
912
1
1275949
105373
214245
842771
869710
267380
120491
24592
plan  319
699180
77316
11537307
78188772
776076
59520
19680
18729
24592
750267
56157
460012
476323
1507977
17579
45586
1441006
plan  320
1044
70464
816
1248
36
12
12
675
27593
6773
110494
310037
520020
341639
70993
4945240
299463
plan  321
98280
278166369
1135080
114522
1336500
25407
10638
10887
24592
105373
765069
408543
1507977
9754
604917
4945240
59994
plan  322
1005
2796
2934
132
60
72
411
19083
74829
6773
97229
135086
158148
710895
1507977
909648
55730
plan  323
42450
1410
1632
90
51
3339
3339
157437
110494
342679
4499
842771
2207
384428
1299887
111691
12081448
plan  324
1350
20790450
99090
6630
285303
30909
20031
8679
24592
104954
120491
354145
708491
45336
1507977
4945240
4223563
plan  325
260640
49829025
65070654
1796811
233439
94353
94353
105378
135086
299463
61858
842625
422326
686223
1016000
101966
42138
plan  326
723144
71194671
698541
195753
1282494
10731
1884
80997
135086
297946
1721
199575
727449
23947
460012
7653678
32292
plan  327
8640
720
972
519
138
45
62682
24591
24592
842625
49162
234364
460012
573399
46324
96737
2508829
plan  328
25920
12960
2592
864
96
3
3
3
1
654670
2161
273439
869710
1441006
388138
120491
24592
plan  329
832320
794681202
11157540
27010908
356118
17406
5604
21792
24592
344165
1859
460012
602904
1142533
61328
6949036
33608
plan  330
2253588
585042423
8468394
2705223
18230841
415560
93306
110247
629949
2197
716653
120491
736203
21176
460012
9307850
29826
plan  331
3024
9936
55494
18906
14013
8121
2415
43851
110494
204382
3207
119461
218658
257891
269578
136553
29787
plan  332
98784
3528
4788
63
21
21
12
15948
24592
223441
4499
294133
441787
460012
841039
102798
12081448
plan  333
2247
2211
483
3786
75
21
21
48
4419
1599
71529
151104
1441006
1359984
23626
97758
24592
plan  334
486
1044
114972
19407
15870
561
576
184902
85941
460012
959
757320
531896
586340
2483991
17574
71776
plan  335
4944138
611556879
14300505
50018811
585342
64758
113964
113964
85941
307036
842771
68679
384432
1507977
34232
3605327
26830
plan  336
110592
83246403
19939656
63193305
612354
197271
49479
49479
259291
2197
842771
97520
460012
1493916
49096
1336012
17628
plan  337
1488
1488
4401321
58245
19236
7734
16926
50394
110494
92134
46688
553518
119480
460012
1261594
45340
134170
plan  338
209727
626734098
6309273
32727897
294126
66276
79305
235674
135086
276323
2207
713042
100498
958388
22443
12081448
18914
plan  339
71808
1488
2364
108
366
633
633
306
45806
2141
35815
756527
52234
909648
1047571
67126
50804
plan  340
1513536
137744820
279672036
2705823
879489
277257
200316
228741
85941
367551
750267
109619
120491
451222
1507977
60221
13560
plan  341
37239
663212730
23281968
36391164
429264
122292
122292
65949
85941
257891
60037
842771
117940
1254252
79925
869710
50056
plan  342
274560
17832
984
2034
54
18
2394
5496
24592
118442
576812
3207
120491
984409
70489
12081448
22280
plan  343
4752
4752
7926
129
42
3
3
3
1
1222593
46688
842771
394453
352752
5180580
120491
85941
plan  344
5256
8778
5355
1785
18
408
321
114
4780
2198
86806
410802
4542
9796899
331903
119479
110494
plan  345
3120
81
110494
6855
12654
1407
960
960
31182
15471
80659
959
842771
784999
3588990
10304
4945240
plan  346
1460592
14904
648
648
216
1275
1857
3432
44543
60037
83647
92134
116136
139646
135086
1274708
12992
plan  347
160056
370435899
10722576
425226
1894032
21765
7053
104037
135086
730042
2091
460012
1387336
29420
648042
3285504
34364
plan  348
1296
3168
144
48
9
9
9
3
959
3207
28214
199694
422406
5297418
375175
853624
51605
plan  349
1463193
4209
4893
1632
48
12
12
24
1
1421933
331516
181297
120491
4223563
289767
85941
4945240
plan  350
34536
1080
95777
1590
383250
10323
5457
10650
10887
24592
105373
798196
196213
464639
1507977
15670
4945240
plan  351
28332
28332
379268361
3058137
145314
77742
79020
45252
49145
364519
60037
765069
372874
766736
1507977
18870
134170
plan  352
61560
265535712
4787247
5392914
60948
19743
22023
22218
614313
1446
787300
68130
460012
1507977
121374
4223563
41494
plan  353
9430548
11609100
28479996
870246
317124
245565
259917
253062
713042
93111
292672
364519
432996
560062
612664
39278
123946
plan  354
4887
5391
981
327
18
3225
18285
54363
3797
505667
105373
2207
100640
813551
460012
120491
85941
plan  355
120
60
1746
4857
3312
1185
1359
346749
13365
974534
959
798225
310670
495933
25564
110494
1336012
plan  356
852528
64992
3528
3528
13650
7653
957
2145
153892
959
561611
159336
450696
59994
130384
4945240
4223563
plan  357
2016
2160
360
90
6
846
846
4881
24592
101297
6773
842771
4566
1466738
20516
6586589
127207
plan  358
1998
1998
666
666
222
222
6
1
1
797944
206520
12081448
441787
292508
7179
97758
85941
plan  359
15120
59928291
16327875
26975232
380490
28266
9144
130011
135086
796482
2176
460012
625870
1233182
75915
1336012
28448
plan  360
1614
3384
4583286
47244
15243
6948
7005
77373
85941
364519
2145
797554
431808
430133
1368966
4499
63621
plan  361
846
6162
2322
48
1131
1131
387
3330
49145
2047
1782
270796
842771
211161
418525
909648
27242
plan  362
864
1044
2302275
877335
287082
35871
21432
23112
24592
257891
412271
89058
438192
460012
531187
10752
120797
plan  363
2574
2574
1336461
14547
9855
4647
4695
92134
2170
790712
265408
335038
1507977
1224
85941
4499
134170
plan  364
474174
521988
42564
47456643
942813
524289
534684
190176
364519
49162
120491
750898
367514
621502
15784
869710
114581
plan  365
600
2400
96
6
18
12
9
399
78624
4499
4566
347736
582806
135086
1089428
10245561
45449
plan  366
9936
4968
1656
552
9
3
3
72
1
868800
2198
749107
371416
4223563
203667
120491
24592
plan  367
750
930
1410
2382
123
75
102
399
46289
4499
46688
213660
415922
1095430
68055
85941
92134
plan  368
44748
44748
1404
2556
72
24
18
135
4737
8980
110494
278470
460012
1107821
70504
4945240
567848
plan  369
641217
22815
28380489
58801797
588195
47511
40509
50502
85941
638388
105690
158148
468620
1499001
58946
3896
12081448
plan  370
600
120
3069
537
8736
321
321
44349
49145
206169
959
842771
536093
9236
869710
45272
4211399
plan  371
54
180
108
741
51
36
93
3624
48711
6280
20376
97865
415790
1290332
135086
2483991
25474
plan  372
1021584
177677484
1436274
12690
4566
1371
111213
123789
135086
218570
737816
1721
119396
449575
913862
12081448
18252
plan  373
1950096
290877684
10971795
18946890
402084
455862
110439
23913
24592
149732
60037
120491
455861
797603
72401
640921
57944
plan  374
19224
1116
2451
69
24
1320
1140
47226
110494
80456
4499
122739
1
387220
590353
53760
5302515
plan  375
402
846
491790
31323
4605
1548
1548
1572
135086
679
1571
257891
460012
457340
511720
21714
107375
plan  376
4477824
344448
80373654
26791218
26878497
360123
87150
423573
135086
304773
2198
108683
1232721
133855
450000
59994
695047
plan  377
1188
2574
2600004
26685
17862
13071
6570
1
6570
24592
1024
285775
364519
338464
1507977
4499
50676
plan  378
21066
810
1365
192
84
84012
40476
48831
110494
52686
118523
379623
1
708770
1507977
78530
4945240
plan  379
1296
1296
144
576
36
6
3
45
4499
2198
1
460012
869710
1120007
39307
2764401
110494
plan  380
11664
654
654
204
759
96
48
48
24592
247
47
511303
869710
301611
1507977
127941
8726548
plan  381
1588338
199170
56508102
69871455
1418064
77268
25038
25038
117289
2192
25037
452148
698351
958119
111790
59994
9363168
plan  382
21054
4962
1086
14340042
51585546
1275363
55779
69558
24592
216191
53020
1873592
464607
40452
1
798852
511303
plan  383
713148
95640
7011
2658
12672
852
1
852
4902
24592
51761
6773
879708
26613
544355
20634
12081448
plan  384
109764
159056223
1464360
54999
736416
7860
5340
6978
24592
1104
6979
325242
1507977
11653
867102
12081448
22486
plan  385
1008
1737
4644660
169602
8508
8649
3429
50394
110494
46067
5362
105632
8648
493974
757662
46284
111060
plan  386
1269
1350
1350
27
9
1
1
6615
110494
3036
1019
1
780016
383937
1252807
1441006
110203
plan  387
1800
1800
600
60
501
57
978
1023
110494
663
1024
144393
424656
30152
869710
12081448
119078
plan  388
13692
72856860
4758069
180648
831327
11067
6912
6966
24592
1099
6965
345851
813790
25705
689342
2483991
4499
plan  389
1647
879
1221
408
123
123
189
1944
110494
929
1
98400
167720
3879133
117344
96006
111161
plan  390
7128
3564
891
297
12
12
1
6
1
548600
2190
2483991
11
495932
439951
116136
24592
plan  391
365436
284456529
8475894
318042
843897
9204
6978
1
6978
24592
1104
310393
1113040
43172
869710
1441006
10552
plan  392
960
960
960
60
21
3
240
4911
110494
2681
4499
1
542958
442838
1507977
92134
134170
plan  393
84132
1776
1776
66
546
69
78
30027
24592
11338
4499
78
558546
258320
1283151
134170
12081448
plan  394
1044
1044
339
36
33
33
33
8046
24592
66878
1475
32
441787
382033
224792
909648
134170
plan  395
3607872
36929967
10272939
21722442
334314
16119
6630
6975
24592
1102
6975
228994
598858
1074946
69250
1336012
13848
plan  396
45540
1980
2310
210
33225
1719
591
627
110494
522
628
460012
645113
46968
869710
113074
4415148
plan  397
159
1260
165
54
54
9
816
2277
110494
1104
28387
1
513217
567848
396468
1260456
37923
plan  398
60588
1620
2436
132
45
15
18
2277
110494
1104
4499
17
869710
298835
940254
83710
12081448
plan  399
10080
1008
1440
6504
570
594
201
168
21760
861
241023
292555
432996
1507977
12120
110494
12081448
plan  400
23382
966
2100
1242
8523
9195
3123
38886
3718
200331
8980
121477
299463
1
365673
110494
4945240
plan  401
184380
92190
45266673
63597264
772287
1007469
61470
29484
24592
140346
120491
2434320
20376
906994
100155
38222
812879
plan  402
1002
1554
1482
42
15
12
240
4911
110494
2681
4499
1
209268
278940
1507977
257891
97558
plan  403
480
480
480
30
9
9
3
45
4499
2198
1
425354
364519
426169
1507977
134170
110494
plan  404
882
1566
1566
18
6
3
3
3798
24592
1604
4499
2
619056
359736
1099079
257891
72670
plan  405
1271601
423870
42402
11413521
79919889
1591953
221952
205314
110494
299789
120491
162185
988948
17112
1
684057
460012
plan  406
21780
1188
3012
168
57
18
18
2277
110494
1104
4499
17
869710
460012
1427008
60662
5860557
plan  407
1380
1380
1860
60
6267
330
330
2481
135086
860
13790
331
360423
130636
1075672
100252
9740447
plan  408
429657
61513857
484521
27993
179211
4611
2514
9018
24592
29997
29370
113423
1355585
15562
525660
4945240
1336012
plan  409
153
972
972
153
33
993
1017
94212
110494
188948
8980
698148
2207
786336
1507977
299463
54301
plan  410
8280
30164256
952776
6552186
427836
11520
11520
454078
3843
52426
37053
842625
360758
869710
1336012
4945240
13591
plan  411
364239
52401
27634554
979947
2928636
27732
6090
16956
24592
246096
6068
120491
1507977
50451
865408
1236
12081448
plan  412
54720
1296
1851
270
36
7263
7263
71010
24592
460012
8980
842771
3207
529068
1111106
51057
12081448
plan  413
3914892
552204
184068
3526158
12956280
714681
153444
227682
24592
869710
2195
111161
452567
30708
57510
460012
10923285
plan  414
9264
1344
1788
96
27
3339
3339
150225
110494
326954
4499
842771
2176
869710
1507977
108813
2597531
plan  415
2598156
56357676
61366683
883602
119526
40596
40596
48831
110494
105373
120491
842770
460012
625977
1507977
124766
58272
plan  416
8744376
305202
5612283
13905282
300834
144234
52188
105567
110494
771100
109619
460012
458220
1507977
48388
59994
6208749
plan  417
8256
16896
24278415
397602
3506655
131601
46551
110493
110494
842771
63323
455608
1507977
12250
4945240
14824
11045634
plan  418
14040
666
27698118
914070
1675875
30453
10986
4740
52058
54682
408101
442741
1507977
67315
4223563
18002
4945240
plan  419
607881
607881
118671
38745837
799380
82716
60906
24591
24592
842771
120491
267380
629235
1178169
17090
7887350
134170
plan  420
65550
1002
2316
162
54
27
534
72720
110494
375828
1446
8980
607387
460012
1437169
31403
12081448
plan  421
397680
11099364
13412256
181176
41214
1251
1251
72237
110494
146879
44534
842771
199486
59994
1507977
107262
1336012
plan  422
621
585
1677
14073
705
258
153
186
74120
1385
158148
270324
380555
1404946
11615
110494
364519
plan  423
324
1374
690
231
210
9
9
51
1
1077825
10060
798232
869710
105373
402340
119479
24592
plan  424
299088
51595077
71451294
806229
113700
45195
45195
15585
24592
92134
120491
842625
421360
586421
1507977
90450
45730
plan  425
320112
26676
684
696
12
729
759
154965
110494
285187
959
709686
39048
1172823
128125
4945240
2434848
plan  426
240
720
3180
769473
25503
8721
3015
417
46289
6773
302835
460012
559721
10389954
24592
52250
82680
plan  427
1554
1554
777
777
21
6
6
1
1
842771
863354
1441006
92888
4945240
41306
97758
24592
plan  428
2156544
2156544
55296
17325513
5775171
481620
109842
9228
135086
2197
338136
120491
675425
396122
38608
1246575
134170
plan  429
117153
58911
14784
1176
39
12
3
3
1
1507977
693729
120491
432996
869710
994974
358405
24592
plan  430
1024083
71502
111576
4011
885
27573
28254
9759
135086
8980
344999
761386
2195
591179
1507977
76862
1441006
plan  431
3960
3960
1044
348
348
69
42
8367
24592
102716
8980
89733
869710
441787
460012
1125620
102257
plan  432
2760
473277
1287475512
4300485
232662
75897
7698
15585
24592
92134
619330
208925
460012
702037
4945240
4499
2731
plan  433
2693472
51204624
492084
492084
21048
17334
76362
98571
110494
200133
548745
118238
59994
1398970
134170
4945240
567848
plan  434
32112
70591443
3618330
4711689
132300
46761
63459
23112
24592
257891
120491
746798
438865
1029821
106478
869710
59994
plan  435
1488
2784
114291
3801
744
270
270
96489
110494
364519
959
842771
460012
711632
1507977
39704
64004
plan  436
36720
540
900
60
12
1035
5781
5955
71562
4499
619330
135086
10060
869710
768775
100888
12081448
plan  437
1247376
238464
27991482
1542858
4396719
143244
47346
24591
24592
842771
99106
460012
944091
53511
651180
6808
7877070
plan  438
1335039
51769398
2045355
8702274
206079
64428
64428
122628
135086
364519
22675
842771
100414
897355
32482
869710
33846
plan  439
516180
289275333
17733375
1169847
1593810
67158
25221
106005
110494
798232
20376
460012
1507977
92921
869710
2483991
47442
plan  440
1200096
7567329
1935723
105693
5538
7047
231
96489
110494
364519
2000
4945240
751604
780268
1507977
120491
37360
plan  441
65607
179136
149648010
1837233
184641
64689
92397
81465
110494
299463
122739
375828
445028
636189
1419799
4499
57113
plan  442
33840
199796013
1681071
8259
2169
2718
1731
11256
676
1507977
24592
342547
740054
107557
4945240
12081448
23328
plan  443
1080
35626911
74952003
834447
59802
19725
5994
10887
24592
105373
289252
120491
460012
739951
1507977
57038
11326
plan  444
48888
21697104
148734
1407591
5806122
183681
60831
24591
24592
842771
114807
460012
1010051
33999
57292
4945240
567848
plan  445
110592
149725866
818643
1240659
17073
5739
5874
5394
12649
118523
182784
257891
460012
1507977
83137
4945240
41764
plan  446
666
666
2163
261
87
36
36
5769
110494
40621
559
412271
372379
312511
990468
1441006
134170
plan  447
124485
31197525
9343785
5770713
27900924
249912
55293
69699
24592
242141
2198
111418
1255154
24060
234596
909648
82212
plan  448
1128690
73419564
100222341
1245417
163365
55491
45264
104844
110494
762297
81136
432996
460012
613120
1507977
97836
46424
plan  449
1032
168
2247
297
3135
132
23112
23112
386755
4499
842771
2197
1440355
14835
869710
110494
2483991
plan  450
108
1527
114
300
195
117
42
207
1612
57983
31952
393270
445036
567848
35945
4945240
110494
plan  451
76032
38016
34629468
10309749
50226744
425787
152430
227682
24592
869710
2179
66460
1386136
26769
460012
16882
12081448
plan  452
216
864
102408
25212
855
102
66
87
57983
1446
97758
193038
858711
1225738
1336012
24592
64129
