plan  1
6 5 4 3 2 1 0 0 0 0 0 0 0
plan  2
6 5 4 3 2 1 0 0 0 0 0 0 0
plan  3
6 5 4 3 2 1 0 0 0 0 0 0 0
plan  4
6 5 4 3 2 1 0 0 0 0 0 0 0
plan  5
6 5 4 3 2 1 0 0 0 0 0 0 0
plan  6
6 5 4 3 2 1 0 0 0 0 0 0 0
plan  7
6 5 4 3 2 1 0 0 0 0 0 0 0
plan  8
6 5 4 3 2 1 0 0 0 0 0 0 0
plan  9
6 5 4 3 2 1 0 0 0 0 0 0 0
plan  10
6 5 4 3 2 1 0 0 0 0 0 0 0
plan  11
6 5 4 3 2 1 0 0 0 0 0 0 0
plan  12
6 5 4 3 2 1 0 0 0 0 0 0 0
plan  13
6 5 4 3 2 1 0 0 0 0 0 0 0
plan  14
6 5 4 3 2 1 0 0 0 0 0 0 0
plan  15
6 5 4 3 2 1 0 0 0 0 0 0 0
plan  16
6 5 4 3 2 1 0 0 0 0 0 0 0
plan  17
6 5 4 3 2 1 0 0 0 0 0 0 0
plan  18
6 5 4 3 2 1 0 0 0 0 0 0 0
plan  19
6 5 4 3 2 1 0 0 0 0 0 0 0
plan  20
6 5 4 3 2 1 0 0 0 0 0 0 0
plan  21
6 5 4 3 2 1 0 0 0 0 0 0 0
plan  22
6 5 4 3 2 1 0 0 0 0 0 0 0
plan  23
6 5 4 3 2 1 0 0 0 0 0 0 0
plan  24
6 5 4 3 2 1 0 0 0 0 0 0 0
plan  25
6 5 4 3 2 1 0 0 0 0 0 0 0
plan  26
6 5 4 3 2 1 0 0 0 0 0 0 0
plan  27
6 5 4 3 2 1 0 0 0 0 0 0 0
plan  28
6 5 4 3 2 1 0 0 0 0 0 0 0
plan  29
6 5 4 3 2 1 0 0 0 0 0 0 0
plan  30
6 5 4 3 2 1 0 0 0 0 0 0 0
plan  31
6 5 4 3 2 1 0 0 0 0 0 0 0
plan  32
6 5 4 3 0 2 1 0 0 0 0 0 0
plan  33
6 5 4 3 2 1 0 0 0 0 0 0 0
plan  34
6 5 0 4 3 2 1 0 0 0 0 0 0
plan  35
6 5 4 3 2 1 0 0 0 0 0 0 0
plan  36
6 5 4 3 2 1 0 0 0 0 0 0 0
plan  37
6 5 4 3 2 1 0 0 0 0 0 0 0
plan  38
6 5 4 3 2 1 0 0 0 0 0 0 0
plan  39
6 5 4 3 2 1 0 0 0 0 0 0 0
plan  40
6 5 4 3 2 1 0 0 0 0 0 0 0
plan  41
6 5 4 3 2 1 0 0 0 0 0 0 0
plan  42
6 5 4 3 2 1 0 0 0 0 0 0 0
plan  43
6 5 4 3 2 1 0 0 0 0 0 0 0
plan  44
6 5 4 3 2 1 0 0 0 0 0 0 0
plan  45
6 5 4 3 2 1 0 0 0 0 0 0 0
plan  46
6 5 4 3 2 1 0 0 0 0 0 0 0
plan  47
6 5 4 3 2 1 0 0 0 0 0 0 0
plan  48
6 5 4 3 2 1 0 0 0 0 0 0 0
plan  49
6 5 4 3 2 1 0 0 0 0 0 0 0
plan  50
6 5 4 3 2 1 0 0 0 0 0 0 0
plan  51
6 5 4 3 2 1 0 0 0 0 0 0 0
plan  52
6 5 4 3 2 1 0 0 0 0 0 0 0
plan  53
6 5 0 4 3 2 1 0 0 0 0 0 0
plan  54
6 5 4 3 2 1 0 0 0 0 0 0 0
plan  55
6 5 4 3 2 1 0 0 0 0 0 0 0
plan  56
6 5 4 3 2 1 0 0 0 0 0 0 0
plan  57
6 5 4 3 2 1 0 0 0 0 0 0 0
plan  58
6 5 4 3 2 1 0 0 0 0 0 0 0
plan  59
6 5 4 3 2 1 0 0 0 0 0 0 0
plan  60
6 5 0 4 3 2 1 0 0 0 0 0 0
plan  61
6 5 4 3 2 1 0 0 0 0 0 0 0
plan  62
6 5 4 3 2 1 0 0 0 0 0 0 0
plan  63
6 5 4 3 2 1 0 0 0 0 0 0 0
plan  64
6 5 4 3 2 1 0 0 0 0 0 0 0
plan  65
6 5 4 3 2 1 0 0 0 0 0 0 0
plan  66
6 5 4 3 2 1 0 0 0 0 0 0 0
plan  67
6 5 4 3 2 1 0 0 0 0 0 0 0
plan  68
6 5 4 3 2 1 0 0 0 0 0 0 0
plan  69
6 5 4 3 2 1 0 0 0 0 0 0 0
plan  70
6 5 4 3 2 1 0 0 0 0 0 0 0
plan  71
6 5 4 3 2 1 0 0 0 0 0 0 0
plan  72
6 5 4 3 2 1 0 0 0 0 0 0 0
plan  73
6 5 4 3 2 1 0 0 0 0 0 0 0
plan  74
6 5 4 3 2 1 0 0 0 0 0 0 0
plan  75
6 5 4 3 2 1 0 0 0 0 0 0 0
plan  76
6 5 4 3 2 1 0 0 0 0 0 0 0
plan  77
6 5 4 3 2 1 0 0 0 0 0 0 0
plan  78
6 5 4 3 2 1 0 0 0 0 0 0 0
plan  79
6 5 4 3 2 1 0 0 0 0 0 0 0
plan  80
6 5 4 3 2 1 0 0 0 0 0 0 0
plan  81
6 5 4 3 2 1 0 0 0 0 0 0 0
plan  82
6 5 4 3 2 1 0 0 0 0 0 0 0
plan  83
6 5 4 3 2 1 0 0 0 0 0 0 0
plan  84
6 5 4 3 2 1 0 0 0 0 0 0 0
plan  85
6 5 4 3 2 1 0 0 0 0 0 0 0
plan  86
6 5 4 3 2 1 0 0 0 0 0 0 0
plan  87
6 5 4 3 2 1 0 0 0 0 0 0 0
plan  88
6 5 4 3 2 1 0 0 0 0 0 0 0
plan  89
6 5 4 3 2 1 0 0 0 0 0 0 0
plan  90
6 5 4 3 2 1 0 0 0 0 0 0 0
plan  91
5 4 3 2 1 0 0 1 0 0 0 0 0
plan  92
6 5 4 3 2 1 0 0 0 0 0 0 0
plan  93
6 5 4 3 2 1 0 0 0 0 0 0 0
plan  94
6 5 4 3 2 1 0 0 0 0 0 0 0
plan  95
6 5 4 3 2 1 0 0 0 0 0 0 0
plan  96
6 5 4 3 2 1 0 0 0 0 0 0 0
plan  97
6 5 4 3 2 1 0 0 0 0 0 0 0
plan  98
6 5 4 3 2 1 0 0 0 0 0 0 0
plan  99
6 5 4 3 2 1 0 0 0 0 0 0 0
plan  100
6 5 4 3 2 1 0 0 0 0 0 0 0
plan  101
6 5 4 3 2 1 0 0 0 0 0 0 0
plan  102
6 5 0 4 3 2 1 0 0 0 0 0 0
plan  103
6 5 4 3 2 1 0 0 0 0 0 0 0
plan  104
6 5 4 3 2 1 0 0 0 0 0 0 0
plan  105
6 5 4 3 2 1 0 0 0 0 0 0 0
plan  106
6 5 4 3 2 1 0 0 0 0 0 0 0
plan  107
6 5 4 3 2 1 0 0 0 0 0 0 0
plan  108
6 5 4 3 2 1 0 0 0 0 0 0 0
plan  109
6 5 4 3 2 1 0 0 0 0 0 0 0
plan  110
6 5 4 3 2 1 0 0 0 0 0 0 0
plan  111
6 5 4 3 2 1 0 0 0 0 0 0 0
plan  112
6 5 4 3 2 1 0 0 0 0 0 0 0
plan  113
6 5 4 3 2 1 0 0 0 0 0 0 0
plan  114
6 5 4 3 2 1 0 0 0 0 0 0 0
plan  115
6 5 4 3 2 1 0 0 0 0 0 0 0
plan  116
6 5 4 3 2 1 0 0 0 0 0 0 0
plan  117
6 5 4 3 2 1 0 0 0 0 0 0 0
plan  118
6 5 4 3 2 1 0 0 0 0 0 0 0
plan  119
6 5 4 3 2 1 0 0 0 0 0 0 0
plan  120
5 4 3 2 1 0 0 0 0 0 0
plan  121
6 5 4 3 2 1 0 0 0 0 0 0 0
plan  122
6 5 4 3 2 1 0 0 0 0 0 0 0
plan  123
6 5 4 3 2 1 0 0 0 0 0 0 0
plan  124
6 5 4 3 2 1 0 0 0 0 0 0 0
plan  125
6 5 4 3 2 1 0 0 0 0 0 0 0
plan  126
6 5 4 3 2 1 0 0 0 0 0 0 0
plan  127
6 5 4 3 2 1 0 0 0 0 0 0 0
plan  128
6 5 4 3 2 1 0 0 0 0 0 0 0
plan  129
6 5 4 3 2 1 0 0 0 0 0 0 0
plan  130
6 5 4 3 2 1 0 0 0 0 0 0 0
plan  131
6 5 4 3 2 1 0 0 0 0 0 0 0
plan  132
6 5 4 3 2 1 0 0 0 0 0 0 0
plan  133
6 5 4 3 2 1 0 0 0 0 0 0 0
plan  134
6 5 4 3 2 1 0 0 0 0 0 0 0
plan  135
6 5 4 3 2 1 0 0 0 0 0 0 0
plan  136
6 5 4 3 2 1 0 0 0 0 0 0 0
plan  137
6 5 4 3 2 1 0 0 0 0 0 0 0
plan  138
6 5 4 3 2 1 0 0 0 0 0 0 0
plan  139
6 5 4 3 2 1 0 0 0 0 0 0 0
plan  140
6 5 4 3 2 1 0 0 0 0 0 0 0
plan  141
6 5 4 3 2 1 0 0 0 0 0 0 0
plan  142
6 5 4 3 2 1 0 0 0 0 0 0 0
plan  143
6 5 4 3 2 1 0 0 0 0 0 0 0
plan  144
6 5 4 3 2 1 0 0 0 0 0 0 0
plan  145
6 5 4 3 2 1 0 0 0 0 0 0 0
plan  146
6 5 4 3 2 1 0 0 0 0 0 0 0
plan  147
6 5 4 3 2 1 0 0 0 0 0 0 0
plan  148
6 5 4 3 2 1 0 0 0 0 0 0 0
plan  149
6 5 4 3 2 1 0 0 0 0 0 0 0
plan  150
6 5 4 3 2 1 0 0 0 0 0 0 0
plan  151
6 5 4 3 2 1 0 0 0 0 0 0 0
plan  152
6 5 4 3 2 1 0 0 0 0 0 0 0
plan  153
6 5 4 3 2 1 0 0 0 0 0 0 0
plan  154
6 5 0 4 3 2 1 0 0 0 0 0 0
plan  155
6 5 4 3 2 1 0 0 0 0 0 0 0
plan  156
6 5 4 3 2 1 0 0 0 0 0 0 0
plan  157
6 5 4 3 2 1 0 0 0 0 0 0 0
plan  158
6 5 4 3 2 1 0 0 0 0 0 0 0
plan  159
6 5 4 3 2 1 0 0 0 0 0 0 0
plan  160
6 5 4 3 2 1 0 0 0 0 0 0 0
plan  161
6 5 0 4 3 2 1 0 0 0 0 0 0
plan  162
6 5 4 3 2 1 0 0 0 0 0 0 0
plan  163
6 5 4 3 2 1 0 0 0 0 0 0 0
plan  164
6 5 4 3 2 1 0 0 0 0 0 0 0
plan  165
6 5 4 3 2 1 0 0 0 0 0 0 0
plan  166
6 5 4 3 2 1 0 0 0 0 0 0 0
plan  167
6 5 4 3 2 1 0 0 0 0 0 0 0
plan  168
6 5 4 3 2 1 0 0 0 0 0 0 0
plan  169
6 5 4 3 2 1 0 0 0 0 0 0 0
plan  170
6 5 4 3 2 1 0 0 0 0 0 0 0
plan  171
6 5 0 4 3 2 1 0 0 0 0 0 0
plan  172
6 5 4 3 2 1 0 0 0 0 0 0 0
plan  173
6 5 0 4 3 2 1 0 0 0 0 0 0
plan  174
6 5 4 3 2 1 0 0 0 0 0 0 0
plan  175
6 5 4 3 2 1 0 0 0 0 0 0 0
plan  176
6 5 4 3 2 1 0 0 0 0 0 0 0
plan  177
6 5 4 3 2 1 0 0 0 0 0 0 0
plan  178
6 5 4 3 2 1 0 0 0 0 0 0 0
plan  179
6 5 4 3 2 1 0 0 0 0 0 0 0
plan  180
6 5 4 3 2 1 0 0 0 0 0 0 0
plan  181
6 5 4 3 2 1 0 0 0 0 0 0 0
plan  182
6 5 4 3 2 1 0 0 0 0 0 0 0
plan  183
6 5 0 4 3 2 1 0 0 0 0 0 0
plan  184
6 5 4 3 2 1 0 0 0 0 0 0 0
plan  185
6 5 4 3 2 1 0 0 0 0 0 0 0
plan  186
6 5 4 3 2 1 0 0 0 0 0 0 0
plan  187
6 5 4 3 2 1 0 0 0 0 0 0 0
plan  188
6 5 4 3 2 1 0 0 0 0 0 0 0
plan  189
6 5 4 3 2 1 0 0 0 0 0 0 0
plan  190
6 5 4 3 2 1 0 0 0 0 0 0 0
plan  191
6 5 4 3 2 1 0 0 0 0 0 0 0
plan  192
6 5 0 4 3 2 1 0 0 0 0 0 0
plan  193
6 5 4 3 2 0 1 0 0 0 0 0 0
plan  194
6 5 4 3 2 1 0 0 0 0 0 0 0
plan  195
6 5 4 3 2 1 0 0 0 0 0 0 0
plan  196
6 5 4 3 2 1 0 0 0 0 0 0 0
plan  197
6 5 4 3 2 1 0 0 0 0 0 0 0
plan  198
6 5 4 3 2 1 0 0 0 0 0 0 0
plan  199
6 5 4 3 2 1 0 0 0 0 0 0 0
plan  200
6 5 4 3 2 1 0 0 0 0 0 0 0
plan  201
6 5 4 3 2 1 0 0 0 0 0 0 0
plan  202
6 5 4 3 2 1 0 0 0 0 0 0 0
plan  203
6 5 4 3 2 1 0 0 0 0 0 0 0
plan  204
6 5 4 3 2 1 0 0 0 0 0 0 0
plan  205
6 5 4 3 2 1 0 0 0 0 0 0 0
plan  206
6 5 0 4 3 2 1 0 0 0 0 0 0
plan  207
6 5 0 4 3 2 1 0 0 0 0 0 0
plan  208
6 5 4 3 2 1 0 0 0 0 0 0 0
plan  209
6 5 4 3 2 1 0 0 0 0 0 0 0
plan  210
6 5 4 3 2 1 0 0 0 0 0 0 0
plan  211
6 5 4 3 2 1 0 0 0 0 0 0 0
plan  212
6 5 4 3 2 1 0 0 0 0 0 0 0
plan  213
6 5 4 3 2 1 0 0 0 0 0 0 0
plan  214
6 5 4 3 2 1 0 0 0 0 0 0 0
plan  215
6 5 4 3 2 1 0 0 0 0 0 0 0
plan  216
6 5 4 3 2 1 0 0 0 0 0 0 0
plan  217
6 5 4 3 2 1 0 0 0 0 0 0 0
plan  218
6 5 4 3 2 1 0 0 0 0 0 0 0
plan  219
6 5 4 3 2 1 0 0 0 0 0 0 0
plan  220
6 5 4 3 2 1 0 0 0 0 0 0 0
plan  221
6 5 4 3 2 1 0 0 0 0 0 0 0
plan  222
6 5 4 3 2 1 0 0 0 0 0 0 0
plan  223
6 5 4 3 2 1 0 0 0 0 0 0 0
plan  224
6 5 4 3 2 1 0 0 0 0 0 0 0
plan  225
6 5 4 3 2 1 0 0 0 0 0 0 0
plan  226
6 5 4 3 2 1 0 0 0 0 0 0 0
plan  227
6 5 4 3 2 1 0 0 0 0 0 0 0
plan  228
6 5 4 3 2 1 0 0 0 0 0 0 0
plan  229
6 5 4 3 2 1 0 0 0 0 0 0 0
plan  230
6 5 4 3 2 1 0 0 0 0 0 0 0
plan  231
6 5 4 3 2 1 0 0 0 0 0 0 0
plan  232
6 5 4 3 2 1 0 0 0 0 0 0 0
plan  233
6 5 4 3 2 1 0 0 0 0 0 0 0
plan  234
6 5 4 3 2 1 0 0 0 0 0 0 0
plan  235
6 5 4 3 2 1 0 0 0 0 0 0 0
plan  236
6 5 4 3 2 1 0 0 0 0 0 0 0
plan  237
6 5 4 3 2 1 0 0 0 0 0 0 0
plan  238
6 5 4 3 2 1 0 0 0 0 0 0 0
plan  239
6 5 4 3 2 1 0 0 0 0 0 0 0
plan  240
6 5 4 3 2 1 0 0 0 0 0 0 0
plan  241
6 5 4 3 2 1 0 0 0 0 0 0 0
plan  242
6 5 4 3 2 1 0 0 0 0 0 0 0
plan  243
6 5 4 3 2 1 0 0 0 0 0 0 0
plan  244
6 5 4 3 2 1 0 0 0 0 0 0 0
plan  245
6 5 4 3 2 1 0 0 0 0 0 0 0
plan  246
6 5 4 3 2 1 0 0 0 0 0 0 0
plan  247
6 5 4 3 2 1 0 0 0 0 0 0 0
plan  248
6 5 4 3 2 1 0 0 0 0 0 0 0
plan  249
6 5 4 3 2 1 0 0 0 0 0 0 0
plan  250
6 5 4 3 2 1 0 0 0 0 0 0 0
plan  251
6 5 4 3 2 1 0 0 0 0 0 0 0
plan  252
6 5 4 3 2 1 0 0 0 0 0 0 0
plan  253
6 5 4 3 2 1 0 0 0 0 0 0 0
plan  254
6 5 4 3 2 1 0 0 0 0 0 0 0
plan  255
6 5 4 3 2 1 0 0 0 0 0 0 0
plan  256
6 5 4 3 2 1 0 0 0 0 0 0 0
plan  257
6 5 4 3 2 1 0 0 0 0 0 0 0
plan  258
6 5 4 3 2 1 0 0 0 0 0 0 0
plan  259
6 5 4 3 2 1 0 0 0 0 0 0 0
plan  260
6 5 4 3 2 1 0 0 0 0 0 0 0
plan  261
6 5 4 3 2 1 0 0 0 0 0 0 0
plan  262
6 5 4 3 2 1 0 0 0 0 0 0 0
plan  263
6 5 4 3 2 1 0 0 0 0 0 0 0
plan  264
6 5 4 3 2 1 0 0 0 0 0 0 0
plan  265
6 5 0 4 3 2 1 0 0 0 0 0 0
plan  266
5 4 3 2 1 0 0 0 0 0 0
plan  267
5 4 3 2 1 0 0 0 0 0 0
plan  268
5 4 3 2 1 0 0 0 0 0 0
plan  269
5 4 3 2 1 0 0 0 0 0 0
plan  270
5 4 3 2 1 0 0 0 0 0 0
plan  271
5 4 3 2 1 0 0 0 0 0 0
plan  272
5 4 3 2 1 0 0 0 0 0 0
plan  273
5 4 3 2 1 0 0 0 0 0 0
plan  274
5 4 3 2 1 0 0 0 0 0 0
plan  275
5 4 3 2 1 0 0 0 0 0 0
plan  276
5 4 3 2 1 0 0 0 0 0 0
plan  277
4 3 2 1 0 0 1 0 0 0 0
plan  278
5 4 3 2 1 0 0 0 0 0 0
plan  279
5 4 3 2 1 0 0 0 0 0 0
plan  280
6 5 4 3 2 1 0 0 0 0 0 0 0
plan  281
6 5 4 3 2 0 1 0 0 0 0 0 0
plan  282
6 5 4 3 2 0 1 0 0 0 0 0 0
plan  283
6 5 4 0 3 2 1 0 0 0 0 0 0
plan  284
6 5 4 3 2 1 0 0 0 0 0 0 0
plan  285
6 5 4 3 2 1 0 0 0 0 0 0 0
plan  286
6 5 4 3 2 1 0 0 0 0 0 0 0
plan  287
6 5 4 3 2 0 1 0 0 0 0 0 0
plan  288
6 5 4 3 2 1 0 0 0 0 0 0 0
plan  289
6 5 4 3 2 1 0 0 0 0 0 0 0
plan  290
6 5 4 3 2 1 0 0 0 0 0 0 0
plan  291
6 5 4 3 2 1 0 0 0 0 0 0 0
plan  292
6 5 4 3 2 0 1 0 0 0 0 0 0
plan  293
6 5 4 3 2 1 0 0 0 0 0 0 0
plan  294
6 5 4 3 2 1 0 0 0 0 0 0 0
plan  295
6 5 4 3 2 0 1 0 0 0 0 0 0
plan  296
6 5 4 3 2 1 0 0 0 0 0 0 0
plan  297
6 5 4 3 2 1 0 0 0 0 0 0 0
plan  298
6 5 4 3 2 1 0 0 0 0 0 0 0
plan  299
6 5 4 3 2 1 0 0 0 0 0 0 0
plan  300
6 5 4 3 2 1 0 0 0 0 0 0 0
plan  301
6 5 4 3 2 0 1 0 0 0 0 0 0
plan  302
6 5 4 3 2 1 0 0 0 0 0 0 0
plan  303
6 5 4 3 2 1 0 0 0 0 0 0 0
plan  304
6 5 4 3 2 1 0 0 0 0 0 0 0
plan  305
6 5 4 3 2 1 0 0 0 0 0 0 0
plan  306
6 5 4 3 2 1 0 0 0 0 0 0 0
plan  307
6 5 0 4 3 2 1 0 0 0 0 0 0
plan  308
6 5 4 3 2 0 1 0 0 0 0 0 0
plan  309
6 5 4 3 2 1 0 0 0 0 0 0 0
plan  310
6 5 4 3 2 1 0 0 0 0 0 0 0
plan  311
6 5 4 3 2 0 1 0 0 0 0 0 0
plan  312
6 5 4 3 2 1 0 0 0 0 0 0 0
plan  313
6 5 4 3 2 1 0 0 0 0 0 0 0
plan  314
6 5 4 3 2 1 0 0 0 0 0 0 0
plan  315
6 5 4 3 2 1 0 0 0 0 0 0 0
plan  316
6 5 4 3 2 1 0 0 0 0 0 0 0
plan  317
6 5 4 3 2 1 0 0 0 0 0 0 0
plan  318
6 5 4 3 2 1 0 0 0 0 0 0 0
plan  319
6 5 4 3 2 1 0 0 0 0 0 0 0
plan  320
6 5 4 3 2 1 0 0 0 0 0 0 0
plan  321
6 5 4 3 2 1 0 0 0 0 0 0 0
plan  322
6 5 4 3 2 1 0 0 0 0 0 0 0
plan  323
6 5 4 3 2 1 0 0 0 0 0 0 0
plan  324
6 5 4 3 2 1 0 0 0 0 0 0 0
plan  325
6 5 4 3 2 1 0 0 0 0 0 0 0
plan  326
6 5 4 3 2 1 0 0 0 0 0 0 0
plan  327
6 5 4 3 2 0 1 0 0 0 0 0 0
plan  328
6 5 4 3 2 1 0 0 0 0 0 0 0
plan  329
6 5 4 3 2 1 0 0 0 0 0 0 0
plan  330
6 5 4 3 2 1 0 0 0 0 0 0 0
plan  331
6 5 4 3 2 1 0 0 0 0 0 0 0
plan  332
6 5 4 3 2 1 0 0 0 0 0 0 0
plan  333
6 5 4 3 2 1 0 0 0 0 0 0 0
plan  334
6 5 4 3 2 1 0 0 0 0 0 0 0
plan  335
6 5 4 3 2 1 0 0 0 0 0 0 0
plan  336
6 5 4 3 2 1 0 0 0 0 0 0 0
plan  337
6 5 4 3 2 1 0 0 0 0 0 0 0
plan  338
6 5 4 3 2 1 0 0 0 0 0 0 0
plan  339
6 5 4 3 2 1 0 0 0 0 0 0 0
plan  340
6 5 4 3 2 1 0 0 0 0 0 0 0
plan  341
6 5 4 3 2 1 0 0 0 0 0 0 0
plan  342
6 5 4 3 2 1 0 0 0 0 0 0 0
plan  343
6 5 4 3 2 1 0 0 0 0 0 0 0
plan  344
6 5 4 3 2 0 1 0 0 0 0 0 0
plan  345
6 5 4 3 2 1 0 0 0 0 0 0 0
plan  346
6 5 4 3 2 0 1 0 0 0 0 0 0
