plan  1
6 5 4 3 2 1 1 2 3 4 5 6
plan  2
6 5 4 3 2 1 1 2 3 4 5 6
plan  3
6 5 4 3 2 1 1 2 3 4 5 6
plan  4
6 5 4 3 2 1 1 2 3 4 5 6
plan  5
6 5 4 3 2 1 1 2 3 4 5 6
plan  6
6 5 4 3 2 1 1 2 3 4 5 6
plan  7
6 5 4 3 2 1 1 2 3 4 5 6
plan  8
6 5 4 3 2 1 1 2 3 4 5 6
plan  9
6 5 4 3 2 1 1 2 3 4 5 6
plan  10
6 5 4 3 2 1 1 2 3 4 5 6
plan  11
6 5 4 3 2 1 1 2 3 4 5 6
plan  12
6 5 4 3 2 1 1 2 3 4 5 6
plan  13
6 5 4 3 2 1 1 2 3 4 5 6
plan  14
6 5 4 3 2 1 1 2 3 4 5 6
plan  15
6 5 4 3 2 1 1 2 3 4 5 6
plan  16
6 5 4 3 2 1 1 2 3 4 5 6
plan  17
6 5 4 3 2 1 1 2 3 4 5 6
plan  18
6 5 4 3 2 1 1 2 3 4 5 6
plan  19
6 5 4 3 2 1 1 2 3 4 5 6
plan  20
6 5 4 3 2 1 1 2 3 4 5 6
plan  21
6 5 4 3 2 1 1 2 3 4 5 6
plan  22
6 5 4 3 2 1 1 2 3 4 5 6
plan  23
6 5 4 3 2 1 1 2 3 4 5 6
plan  24
6 5 4 3 2 1 1 2 3 4 5 6
plan  25
6 5 4 3 2 1 1 2 3 4 5 6
plan  26
6 5 4 3 2 1 1 2 3 4 5 6
plan  27
6 5 4 3 2 1 1 2 3 4 5 6
plan  28
6 5 4 3 2 1 1 2 3 4 5 6
plan  29
6 5 4 3 2 1 1 2 3 4 5 6
plan  30
6 5 4 3 2 1 1 2 3 4 5 6
plan  31
6 5 4 3 2 1 1 2 3 4 5 6
plan  32
6 5 4 3 2 1 1 2 3 4 5 6
plan  33
6 5 4 3 2 1 1 2 3 4 5 6
plan  34
6 5 4 3 2 1 1 2 3 4 5 6
plan  35
6 5 4 3 2 1 1 2 3 4 5 6
plan  36
6 5 4 3 2 1 1 2 3 4 5 6
plan  37
6 5 4 3 2 1 1 2 3 4 5 6
plan  38
6 5 4 3 2 1 1 2 3 4 5 6
plan  39
6 5 4 3 2 1 1 2 3 4 5 6
plan  40
6 5 4 3 2 1 1 2 3 4 5 6
plan  41
6 5 4 3 2 1 1 2 3 4 5 6
plan  42
6 5 4 3 2 1 1 2 3 4 5 6
plan  43
6 5 4 3 2 1 1 2 3 4 5 6
plan  44
6 5 4 3 2 1 1 2 3 4 5 6
plan  45
6 5 4 3 2 1 1 2 3 4 5 6
plan  46
6 5 4 3 2 1 1 2 3 4 5 6
plan  47
6 5 4 3 2 1 1 2 3 4 5 6
plan  48
6 5 4 3 2 1 1 2 3 4 5 6
plan  49
6 5 4 3 2 1 1 2 3 4 5 6
plan  50
6 5 4 3 2 1 1 2 3 4 5 6
plan  51
6 5 4 3 2 1 1 2 3 4 5 6
plan  52
6 5 4 3 2 1 1 2 3 4 5 6
plan  53
6 5 4 3 2 1 1 2 3 4 5 6
plan  54
6 5 4 3 2 1 1 2 3 4 5 6
plan  55
6 5 4 3 2 1 1 2 3 4 5 6
plan  56
6 5 4 3 2 1 1 2 3 4 5 6
plan  57
5 4 3 2 1 1 2 3 4 5
plan  58
6 5 4 3 2 1 1 2 3 4 5 6
plan  59
6 5 4 3 2 1 1 2 3 4 5 6
plan  60
6 5 4 3 2 1 1 2 3 4 5 6
plan  61
6 5 4 3 2 1 1 2 3 4 5 6
plan  62
6 5 4 3 2 1 1 2 3 4 5 6
plan  63
6 5 4 3 2 1 1 2 3 4 5 6
plan  64
6 5 4 3 2 1 1 2 3 4 5 6
plan  65
6 5 4 3 2 1 1 2 3 4 5 6
plan  66
6 5 4 3 2 1 1 2 3 4 5 6
plan  67
6 5 4 3 2 1 1 2 3 4 5 6
plan  68
6 5 4 3 2 1 1 2 3 4 5 6
plan  69
6 5 4 3 2 1 1 2 3 4 5 6
plan  70
5 4 3 2 1 1 2 1 1 3 4 5
plan  71
6 5 4 3 2 1 1 2 3 4 5 6
plan  72
6 5 4 3 2 1 1 2 3 4 5 6
plan  73
6 5 4 3 2 1 1 2 3 4 5 6
plan  74
6 5 4 3 2 1 1 2 3 4 5 6
plan  75
6 5 4 3 2 1 1 2 3 4 5 6
plan  76
6 5 4 3 2 1 1 2 3 4 5 6
plan  77
6 5 4 3 2 1 1 2 3 4 5 6
plan  78
6 5 4 3 2 1 1 2 3 4 5 6
plan  79
6 5 4 3 2 1 1 2 3 4 5 6
plan  80
6 5 4 3 2 1 1 2 3 4 5 6
plan  81
6 5 4 3 2 1 1 2 3 4 5 6
plan  82
6 5 4 3 2 1 1 2 3 4 5 6
plan  83
6 5 4 3 2 1 1 2 3 4 5 6
plan  84
6 5 4 3 2 1 1 2 3 4 5 6
plan  85
6 5 4 3 2 1 1 2 3 4 5 6
plan  86
6 5 4 3 2 1 1 2 3 4 5 6
plan  87
6 5 4 3 2 1 1 2 3 4 5 6
plan  88
6 5 4 3 2 1 1 2 3 4 5 6
plan  89
6 5 4 3 2 1 1 2 3 4 5 6
plan  90
6 5 4 3 2 1 1 2 3 4 5 6
plan  91
6 5 4 3 2 1 1 2 3 4 5 6
plan  92
6 5 4 3 2 1 1 2 3 4 5 6
plan  93
6 5 4 3 2 1 1 2 3 4 5 6
plan  94
6 5 4 3 2 1 1 2 3 4 5 6
plan  95
6 5 4 3 2 1 1 2 3 4 5 6
plan  96
6 5 4 3 2 1 1 2 3 4 5 6
plan  97
6 5 4 3 2 1 1 2 3 4 5 6
plan  98
6 5 4 3 2 1 1 2 3 4 5 6
plan  99
6 5 4 3 2 1 1 2 3 4 5 6
plan  100
6 5 4 3 2 1 1 2 3 4 5 6
plan  101
6 5 4 3 2 1 1 2 3 4 5 6
plan  102
6 5 4 3 2 1 1 2 3 4 5 6
plan  103
6 5 4 3 2 1 1 2 3 4 5 6
plan  104
6 5 4 3 2 1 1 2 3 4 5 6
plan  105
6 5 4 3 2 1 1 2 3 4 5 6
plan  106
6 5 4 3 2 1 1 2 3 4 5 6
plan  107
6 5 4 3 2 1 1 2 3 4 5 6
plan  108
6 5 4 3 2 1 1 2 3 4 5 6
plan  109
6 5 4 3 2 1 1 2 3 4 5 6
plan  110
6 5 4 3 2 1 1 2 3 4 5 6
plan  111
6 5 4 3 2 1 1 2 3 4 5 6
plan  112
6 5 4 3 2 1 1 2 3 4 5 6
plan  113
6 5 4 3 2 1 1 2 3 4 5 6
plan  114
6 5 4 3 2 1 1 2 3 4 5 6
plan  115
6 5 4 3 2 1 1 2 3 4 5 6
plan  116
6 5 4 3 2 1 1 2 3 4 5 6
plan  117
6 5 4 3 2 1 1 2 3 4 5 6
plan  118
6 5 4 3 2 1 1 2 3 4 5 6
plan  119
6 5 4 3 2 1 1 2 3 4 5 6
plan  120
6 5 4 3 2 1 1 2 3 4 5 6
plan  121
6 5 4 3 2 1 1 2 3 4 5 6
plan  122
6 5 4 3 2 1 1 2 3 4 5 6
plan  123
6 5 4 3 2 1 1 2 3 4 5 6
plan  124
6 5 4 3 2 1 1 2 3 4 5 6
plan  125
6 5 4 3 2 1 1 2 3 4 5 6
plan  126
6 5 4 3 2 1 1 2 3 4 5 6
plan  127
6 5 4 3 2 1 1 2 3 4 5 6
plan  128
6 5 4 3 2 1 1 2 3 4 5 6
plan  129
6 5 4 3 2 1 1 2 3 4 5 6
plan  130
6 5 4 3 2 1 1 2 3 4 5 6
plan  131
6 5 4 3 2 1 1 2 3 4 5 6
plan  132
6 5 4 3 2 1 1 2 3 4 5 6
plan  133
6 5 4 3 2 1 1 2 3 4 5 6
plan  134
5 4 3 2 1 1 2 3 4 5
plan  135
6 5 4 3 2 1 1 2 3 4 5 6
plan  136
6 5 4 3 2 1 1 2 3 4 5 6
plan  137
6 5 4 3 2 1 1 2 3 4 5 6
plan  138
6 5 4 3 2 1 1 2 3 4 5 6
plan  139
6 5 4 3 2 1 1 2 3 4 5 6
plan  140
6 5 4 3 2 1 1 2 3 4 5 6
plan  141
6 5 4 3 2 1 1 2 3 4 5 6
plan  142
6 5 4 3 2 1 1 2 3 4 5 6
plan  143
6 5 4 3 2 1 1 2 3 4 5 6
plan  144
6 5 4 3 2 1 1 2 3 4 5 6
plan  145
6 5 4 3 2 1 1 2 3 4 5 6
plan  146
6 5 4 3 2 2 1 1 3 4 5 6
plan  147
6 5 4 3 2 1 1 2 3 4 5 6
plan  148
6 5 4 3 2 1 1 2 3 4 5 6
plan  149
6 5 4 3 2 1 1 2 3 4 5 6
plan  150
6 5 4 3 2 1 1 2 3 4 5 6
plan  151
6 5 4 3 2 1 1 2 3 4 5 6
plan  152
6 5 4 3 2 1 1 2 3 4 5 6
plan  153
6 5 4 3 2 1 1 2 3 4 5 6
plan  154
6 5 4 3 2 1 1 2 3 4 5 6
plan  155
6 5 4 3 2 1 1 2 3 4 5 6
plan  156
6 5 4 3 2 1 1 2 3 4 5 6
plan  157
6 5 4 3 2 1 1 2 3 4 5 6
plan  158
6 5 4 3 2 1 1 2 3 4 5 6
plan  159
6 5 4 3 2 1 1 2 3 4 5 6
plan  160
6 5 4 3 2 1 1 2 3 4 5 6
plan  161
6 5 4 3 2 1 1 2 3 4 5 6
plan  162
5 4 3 2 1 1 2 3 4 5
plan  163
6 5 4 3 2 1 1 2 3 4 5 6
plan  164
6 5 4 3 2 1 1 2 3 4 5 6
plan  165
6 5 4 3 2 1 1 2 3 4 5 6
plan  166
6 5 4 3 2 1 1 2 3 4 5 6
plan  167
6 5 4 3 2 1 1 2 3 4 5 6
plan  168
6 5 4 3 2 1 1 2 3 4 5 6
plan  169
6 5 4 3 2 1 1 2 3 4 5 6
plan  170
6 5 4 3 2 1 1 2 3 4 5 6
plan  171
6 5 4 3 2 1 1 2 3 4 5 6
plan  172
6 5 4 3 2 1 1 2 3 4 5 6
plan  173
6 5 4 3 2 1 1 2 3 4 5 6
plan  174
6 5 4 3 2 1 1 2 3 4 5 6
plan  175
6 5 4 3 2 1 1 2 3 4 5 6
plan  176
6 5 4 3 2 1 1 2 3 4 5 6
plan  177
6 5 4 3 2 1 1 2 3 4 5 6
plan  178
6 5 4 3 2 1 1 2 3 4 5 6
plan  179
6 5 4 3 2 1 1 2 3 4 5 6
plan  180
6 5 4 3 2 1 1 2 3 4 5 6
plan  181
6 5 4 3 2 1 1 2 3 4 5 6
plan  182
6 5 4 3 2 1 1 2 3 4 5 6
plan  183
6 5 4 3 2 1 1 2 3 4 5 6
plan  184
6 5 4 3 2 1 1 2 3 4 5 6
plan  185
6 5 4 3 2 1 1 2 3 4 5 6
plan  186
6 5 4 3 2 1 1 2 3 4 5 6
plan  187
6 5 4 3 2 1 1 2 3 4 5 6
plan  188
6 5 4 3 2 1 1 2 3 4 5 6
plan  189
6 5 4 3 2 1 1 2 3 4 5 6
plan  190
6 5 4 3 2 1 1 2 3 4 5 6
plan  191
6 5 4 3 2 1 1 2 3 4 5 6
plan  192
6 5 4 3 2 1 1 2 3 4 5 6
plan  193
6 5 4 3 2 1 1 2 3 4 5 6
plan  194
6 5 4 3 2 1 1 2 3 4 5 6
plan  195
6 5 4 3 2 1 1 2 3 4 5 6
plan  196
6 5 4 3 2 1 1 2 3 4 5 6
plan  197
6 5 4 3 2 1 1 2 3 4 5 6
plan  198
6 5 4 3 2 1 1 2 3 4 5 6
plan  199
6 5 4 3 2 1 1 2 3 4 5 6
plan  200
6 5 4 3 2 1 1 2 3 4 5 6
plan  201
6 5 4 3 2 1 1 2 3 4 5 6
plan  202
6 5 4 3 2 1 1 2 3 4 5 6
plan  203
6 5 4 3 2 1 1 2 3 4 5 6
plan  204
6 5 4 3 2 1 1 2 3 4 5 6
plan  205
6 5 4 3 2 1 1 2 3 4 5 6
plan  206
6 5 4 3 2 1 1 2 3 4 5 6
plan  207
6 5 4 3 2 1 1 2 3 4 5 6
plan  208
6 5 4 3 2 1 1 2 3 4 5 6
plan  209
6 5 4 3 2 1 1 2 3 4 5 6
plan  210
5 4 3 2 1 1 2 3 4 5
plan  211
6 5 4 3 2 1 1 2 3 4 5 6
plan  212
6 5 4 3 2 1 1 2 3 4 5 6
plan  213
6 5 4 3 2 2 1 1 3 4 5 6
plan  214
6 5 4 3 2 1 1 2 3 4 5 6
plan  215
6 5 4 3 2 1 1 2 3 4 5 6
plan  216
6 5 4 3 2 1 1 2 3 4 5 6
plan  217
6 5 4 3 2 1 1 2 3 4 5 6
plan  218
6 5 4 3 2 1 1 2 3 4 5 6
plan  219
6 5 4 3 2 1 1 2 3 4 5 6
plan  220
6 5 4 3 2 1 1 2 3 4 5 6
plan  221
6 5 4 3 2 1 1 2 3 4 5 6
plan  222
6 5 4 3 2 1 1 2 3 4 5 6
plan  223
6 5 4 3 2 1 1 2 3 4 5 6
plan  224
6 5 4 3 2 1 1 2 3 4 5 6
plan  225
6 5 4 3 2 1 1 2 3 4 5 6
plan  226
6 5 4 3 2 1 1 2 3 4 5 6
plan  227
6 5 4 3 2 1 1 2 3 4 5 6
plan  228
6 5 4 3 2 1 1 2 3 4 5 6
plan  229
6 5 4 3 2 1 1 2 3 4 5 6
plan  230
6 5 4 3 2 1 1 2 3 4 5 6
plan  231
6 5 4 3 2 1 1 2 3 4 5 6
plan  232
6 5 4 3 2 1 1 2 3 4 5 6
plan  233
6 5 4 3 2 1 1 2 3 4 5 6
plan  234
6 5 4 3 2 1 1 2 3 4 5 6
plan  235
6 5 4 3 2 1 1 2 3 4 5 6
plan  236
6 5 4 3 2 1 1 2 3 4 5 6
plan  237
6 5 4 3 2 1 1 2 3 4 5 6
plan  238
6 5 4 3 2 1 1 2 3 4 5 6
plan  239
6 5 4 3 2 1 1 2 3 4 5 6
plan  240
6 5 4 3 2 1 1 2 3 4 5 6
plan  241
6 5 4 3 2 1 1 2 3 4 5 6
plan  242
6 5 4 3 2 1 1 2 3 4 5 6
plan  243
6 5 4 3 2 1 1 2 3 4 5 6
plan  244
6 5 4 3 2 1 1 2 3 4 5 6
plan  245
6 5 4 3 2 1 1 2 3 4 5 6
plan  246
6 5 4 3 2 1 1 2 3 4 5 6
plan  247
6 5 4 3 2 1 1 2 3 4 5 6
plan  248
6 5 4 3 2 1 1 2 3 4 5 6
plan  249
6 5 4 3 2 1 1 2 3 4 5 6
plan  250
6 5 4 3 2 1 1 2 3 4 5 6
plan  251
6 5 4 3 2 1 1 2 3 4 5 6
plan  252
6 5 4 3 2 1 1 2 3 4 5 6
plan  253
6 5 4 3 2 1 1 2 3 4 5 6
plan  254
6 5 4 3 2 1 1 2 3 4 5 6
plan  255
6 5 4 3 2 1 1 2 3 4 5 6
plan  256
6 5 4 3 2 1 1 2 3 4 5 6
plan  257
6 5 4 3 2 1 1 2 3 4 5 6
plan  258
6 5 4 3 2 1 1 2 3 4 5 6
plan  259
6 5 4 3 2 1 1 2 3 4 5 6
plan  260
6 5 4 3 2 1 1 2 3 4 5 6
plan  261
6 5 4 3 2 1 1 2 3 4 5 6
plan  262
6 5 4 3 2 1 1 2 3 4 5 6
plan  263
6 5 4 3 2 1 1 2 3 4 5 6
plan  264
6 5 4 3 2 1 1 2 3 4 5 6
plan  265
6 5 4 3 2 1 1 2 3 4 5 6
plan  266
6 5 4 3 2 1 1 2 3 4 5 6
plan  267
6 5 4 3 2 1 1 2 3 4 5 6
plan  268
6 5 4 3 2 1 1 2 3 4 5 6
plan  269
6 5 4 3 2 1 1 2 3 4 5 6
plan  270
6 5 4 3 2 1 1 2 3 4 5 6
plan  271
6 5 4 3 2 1 1 2 3 4 5 6
plan  272
6 5 4 3 2 1 1 2 3 4 5 6
plan  273
6 5 4 3 2 1 1 2 3 4 5 6
plan  274
6 5 4 3 2 1 1 2 3 4 5 6
plan  275
6 5 4 3 2 1 1 2 3 4 5 6
plan  276
6 5 4 3 2 1 1 2 3 4 5 6
plan  277
6 5 4 3 2 1 1 2 3 4 5 6
plan  278
6 5 4 3 2 1 1 2 3 4 5 6
plan  279
6 5 4 3 2 1 1 2 3 4 5 6
plan  280
6 5 4 3 2 1 1 2 3 4 5 6
plan  281
6 5 4 3 2 1 1 2 3 4 5 6
plan  282
6 5 4 3 2 1 1 2 3 4 5 6
plan  283
6 5 4 3 2 1 1 2 3 4 5 6
plan  284
6 5 4 3 2 1 1 2 3 4 5 6
plan  285
6 5 4 3 2 1 1 2 3 4 5 6
plan  286
6 5 4 3 2 1 1 2 3 4 5 6
plan  287
6 5 4 3 2 1 1 2 3 4 5 6
plan  288
6 5 4 3 2 1 1 2 3 4 5 6
plan  289
6 5 4 3 2 1 1 2 3 4 5 6
plan  290
6 5 4 3 2 1 1 2 3 4 5 6
plan  291
6 5 4 3 2 1 1 2 3 4 5 6
plan  292
6 5 4 3 2 1 1 2 3 4 5 6
plan  293
6 5 4 3 2 1 1 2 3 4 5 6
plan  294
6 5 4 3 2 1 1 2 3 4 5 6
plan  295
6 5 4 3 2 1 1 2 3 4 5 6
plan  296
6 5 4 3 2 1 1 2 3 4 5 6
plan  297
6 5 4 3 2 1 1 2 3 4 5 6
plan  298
6 5 4 3 2 1 1 2 3 4 5 6
plan  299
6 5 4 3 2 1 1 2 3 4 5 6
plan  300
6 5 4 3 2 1 1 2 3 4 5 6
plan  301
6 5 4 3 2 1 1 2 3 4 5 6
plan  302
6 5 4 3 2 1 1 2 3 4 5 6
plan  303
6 5 4 3 2 1 1 2 3 4 5 6
plan  304
6 5 4 3 2 1 1 2 3 4 5 6
plan  305
6 5 4 3 2 1 1 2 3 4 5 6
plan  306
6 5 4 3 2 1 1 2 3 4 5 6
plan  307
6 5 4 3 2 1 1 2 3 4 5 6
plan  308
6 5 4 3 2 1 1 2 3 4 5 6
plan  309
6 5 4 3 2 1 1 2 3 4 5 6
plan  310
6 5 4 3 2 1 1 2 3 4 5 6
plan  311
6 5 4 3 2 1 1 2 3 4 5 6
plan  312
6 5 4 3 2 1 1 2 3 4 5 6
plan  313
6 5 4 3 2 1 1 2 3 4 5 6
plan  314
6 5 4 3 2 1 1 2 3 4 5 6
plan  315
6 5 4 3 2 1 1 2 3 4 5 6
plan  316
6 5 4 3 2 1 1 2 3 4 5 6
plan  317
6 5 4 3 2 1 1 2 3 4 5 6
plan  318
6 5 4 3 2 1 1 2 3 4 5 6
plan  319
6 5 4 3 2 1 1 2 3 4 5 6
plan  320
6 5 4 3 2 1 1 2 3 4 5 6
plan  321
6 5 4 3 2 1 1 2 3 4 5 6
plan  322
6 5 4 3 2 1 1 2 3 4 5 6
plan  323
6 5 4 3 2 1 1 2 3 4 5 6
plan  324
6 5 4 3 2 1 1 2 3 4 5 6
plan  325
6 5 4 3 2 1 1 2 3 4 5 6
plan  326
6 5 4 3 2 1 1 2 3 4 5 6
plan  327
6 5 4 3 2 1 1 2 3 4 5 6
plan  328
6 5 4 3 2 1 1 2 3 4 5 6
plan  329
6 5 4 3 2 1 1 2 3 4 5 6
plan  330
6 5 4 3 2 1 1 2 3 4 5 6
plan  331
6 5 4 3 2 1 1 2 3 4 5 6
plan  332
6 5 4 3 2 1 1 2 3 4 5 6
plan  333
6 5 4 3 2 1 1 2 3 4 5 6
plan  334
6 5 4 3 2 1 1 2 3 4 5 6
plan  335
6 5 4 3 2 1 1 2 3 4 5 6
plan  336
6 5 4 3 2 1 1 2 3 4 5 6
plan  337
6 5 4 3 2 1 1 2 3 4 5 6
plan  338
6 5 4 3 2 1 1 2 3 4 5 6
plan  339
6 5 4 3 2 1 1 2 3 4 5 6
plan  340
6 5 4 3 2 1 1 2 3 4 5 6
plan  341
6 5 4 3 2 1 1 2 3 4 5 6
plan  342
6 5 4 3 2 1 1 2 3 4 5 6
plan  343
6 5 4 3 2 1 1 2 3 4 5 6
plan  344
6 5 4 3 2 1 1 2 3 4 5 6
plan  345
6 5 4 3 2 1 1 2 3 4 5 6
plan  346
6 5 4 3 2 1 1 2 3 4 5 6
plan  347
6 5 4 3 2 1 1 2 3 4 5 6
plan  348
6 5 4 3 2 1 1 2 3 4 5 6
plan  349
6 5 4 3 2 1 1 2 3 4 5 6
plan  350
6 5 4 3 2 1 1 2 3 4 5 6
plan  351
6 5 4 3 2 1 1 2 3 4 5 6
plan  352
6 5 4 3 2 1 1 2 3 4 5 6
plan  353
6 5 4 3 2 1 1 2 3 4 5 6
plan  354
6 5 4 3 2 1 1 2 3 4 5 6
plan  355
6 5 4 3 2 1 1 2 3 4 5 6
plan  356
6 5 4 3 2 1 1 2 3 4 5 6
plan  357
6 5 4 3 2 1 1 2 3 4 5 6
plan  358
5 4 3 2 1 1 2 3 4 5
plan  359
6 5 4 3 2 1 1 2 3 4 5 6
plan  360
6 5 4 3 2 1 1 2 3 4 5 6
plan  361
6 5 4 3 2 1 1 2 3 4 5 6
plan  362
6 5 4 3 2 1 1 2 3 4 5 6
plan  363
6 5 4 3 2 1 1 2 3 4 5 6
plan  364
6 5 4 3 2 1 1 2 3 4 5 6
plan  365
5 4 3 2 1 1 2 3 4 5
plan  366
6 5 4 3 2 1 1 2 3 4 5 6
plan  367
6 5 4 3 2 1 1 2 3 4 5 6
plan  368
6 5 4 3 2 1 1 2 3 4 5 6
plan  369
6 5 4 3 2 1 1 2 3 4 5 6
plan  370
6 5 4 3 2 1 1 2 3 4 5 6
plan  371
6 5 4 3 2 1 1 2 3 4 5 6
plan  372
5 4 3 2 1 1 2 3 4 5
plan  373
6 5 4 3 2 1 1 2 3 4 5 6
plan  374
6 5 4 3 2 1 1 2 3 4 5 6
plan  375
6 5 4 3 2 1 1 2 3 4 5 6
plan  376
6 5 4 3 2 1 1 2 3 4 5 6
plan  377
6 5 4 3 2 1 1 2 3 4 5 6
plan  378
5 4 3 2 1 1 2 3 4 5
plan  379
6 5 4 3 2 1 1 2 3 4 5 6
plan  380
6 5 4 3 2 1 1 2 3 4 5 6
plan  381
6 5 4 3 2 1 1 2 3 4 5 6
plan  382
6 5 4 3 2 1 1 2 3 4 5 6
plan  383
6 5 4 3 2 1 1 2 3 4 5 6
plan  384
6 5 4 3 2 1 1 2 3 4 5 6
plan  385
6 5 4 3 2 1 1 2 3 4 5 6
plan  386
6 5 4 3 2 1 1 2 3 4 5 6
plan  387
6 5 4 3 2 1 1 2 3 4 5 6
plan  388
6 5 4 3 2 1 1 2 3 4 5 6
plan  389
6 5 4 3 2 1 1 2 3 4 5 6
plan  390
6 5 4 3 2 1 1 2 3 4 5 6
plan  391
6 5 4 3 2 1 1 2 3 4 5 6
plan  392
6 5 4 3 2 1 1 2 3 4 5 6
plan  393
6 5 4 3 2 1 1 2 3 4 5 6
plan  394
6 5 4 3 2 1 1 2 3 4 5 6
plan  395
6 5 4 3 2 1 1 2 3 4 5 6
plan  396
6 5 4 3 2 1 1 2 3 4 5 6
plan  397
6 5 4 3 2 1 1 2 3 4 5 6
plan  398
6 5 4 3 2 1 1 2 3 4 5 6
plan  399
6 5 4 3 2 1 1 2 3 4 5 6
plan  400
6 5 4 3 2 1 1 2 3 4 5 6
plan  401
6 5 4 3 2 1 1 2 3 4 5 6
plan  402
6 5 4 3 2 1 1 2 3 4 5 6
plan  403
6 5 4 3 2 1 1 2 3 4 5 6
plan  404
6 5 4 3 2 1 1 2 3 4 5 6
plan  405
6 5 4 3 2 1 1 2 3 4 5 6
plan  406
6 5 4 3 2 1 1 2 3 4 5 6
plan  407
6 5 4 3 2 1 1 2 3 4 5 6
plan  408
6 5 4 3 2 1 1 2 3 4 5 6
plan  409
6 5 4 3 2 1 1 2 3 4 5 6
plan  410
6 5 4 3 2 1 1 2 3 4 5 6
plan  411
6 5 4 3 2 1 1 2 3 4 5 6
plan  412
6 5 4 3 2 1 1 2 3 4 5 6
plan  413
6 5 4 3 2 1 1 2 3 4 5 6
plan  414
6 5 4 3 2 1 1 2 3 4 5 6
plan  415
6 5 4 3 2 1 1 2 3 4 5 6
plan  416
6 5 4 3 2 1 1 2 3 4 5 6
plan  417
6 5 4 3 2 1 1 2 3 4 5 6
plan  418
6 5 4 3 2 1 1 2 3 4 5 6
plan  419
6 5 4 3 2 1 1 2 3 4 5 6
plan  420
6 5 4 3 2 1 1 2 3 4 5 6
plan  421
6 5 4 3 2 1 1 2 3 4 5 6
plan  422
6 5 4 3 2 1 1 2 3 4 5 6
plan  423
6 5 4 3 2 1 1 2 3 4 5 6
plan  424
6 5 4 3 2 1 1 2 3 4 5 6
plan  425
6 5 4 3 2 1 1 2 3 4 5 6
plan  426
6 5 4 3 2 1 1 2 3 4 5 6
plan  427
6 5 4 3 2 1 1 2 3 4 5 6
plan  428
6 5 4 3 2 1 1 2 3 4 5 6
plan  429
6 5 4 3 2 1 1 2 3 4 5 6
plan  430
6 5 4 3 2 1 1 2 3 4 5 6
plan  431
6 5 4 3 2 1 1 2 3 4 5 6
plan  432
6 5 4 3 2 1 1 2 3 4 5 6
plan  433
6 5 4 3 2 1 1 2 3 4 5 6
plan  434
6 5 4 3 2 1 1 2 3 4 5 6
plan  435
6 5 4 3 2 1 1 2 3 4 5 6
plan  436
6 5 4 3 2 1 1 2 3 4 5 6
plan  437
6 5 4 3 2 1 1 2 3 4 5 6
plan  438
5 4 3 2 1 1 2 3 4 5
plan  439
6 5 4 3 2 1 1 2 3 4 5 6
plan  440
6 5 4 3 3 2 1 1 2 4 5 6
plan  441
6 5 4 3 2 1 1 2 3 4 5 6
plan  442
6 5 4 3 2 1 1 2 3 4 5 6
plan  443
6 5 4 3 2 1 1 2 3 4 5 6
plan  444
6 5 4 3 2 1 1 2 3 4 5 6
plan  445
6 5 4 3 2 1 1 2 3 4 5 6
plan  446
6 5 4 3 2 1 1 2 3 4 5 6
plan  447
6 5 4 3 2 1 1 2 3 4 5 6
plan  448
6 5 4 3 2 1 1 2 3 4 5 6
plan  449
6 5 4 3 2 1 1 2 3 4 5 6
plan  450
6 5 4 3 2 1 1 2 3 4 5 6
plan  451
6 5 4 3 2 1 1 2 3 4 5 6
plan  452
6 5 4 3 2 1 1 2 3 4 5 6
plan  453
6 5 4 3 2 1 1 2 3 4 5 6
plan  454
6 5 4 3 2 1 1 2 3 4 5 6
plan  455
6 5 4 3 2 1 1 2 3 4 5 6
plan  456
6 5 4 3 2 1 1 2 3 4 5 6
plan  457
6 5 4 3 2 1 1 2 3 4 5 6
plan  458
6 5 4 3 2 1 1 2 3 4 5 6
plan  459
6 5 4 3 2 1 1 2 3 4 5 6
plan  460
6 5 4 3 2 1 1 2 3 4 5 6
plan  461
6 5 4 3 2 1 1 2 3 4 5 6
plan  462
6 5 4 3 2 1 1 2 3 4 5 6
plan  463
6 5 4 3 2 1 1 2 3 4 5 6
plan  464
4 3 2 1 1 2 1 1 3 4
plan  465
6 5 4 3 2 1 1 2 3 4 5 6
plan  466
6 5 4 3 2 1 1 2 3 4 5 6
plan  467
6 5 4 3 2 1 1 2 3 4 5 6
plan  468
6 5 4 3 2 1 1 2 3 4 5 6
plan  469
6 5 4 3 2 1 1 2 3 4 5 6
plan  470
6 5 4 3 2 1 1 2 3 4 5 6
plan  471
6 5 4 3 2 1 1 2 3 4 5 6
plan  472
6 5 4 3 2 1 1 2 3 4 5 6
plan  473
6 5 4 3 2 1 1 2 3 4 5 6
plan  474
6 5 4 3 2 1 1 2 3 4 5 6
plan  475
6 5 4 3 2 1 1 2 3 4 5 6
plan  476
6 5 4 3 2 1 1 2 3 4 5 6
plan  477
6 5 4 3 2 1 1 2 3 4 5 6
plan  478
6 5 4 3 2 1 1 2 3 4 5 6
plan  479
6 5 4 3 2 1 1 2 3 4 5 6
plan  480
6 5 4 3 2 1 1 2 3 4 5 6
plan  481
6 5 4 3 2 1 1 2 3 4 5 6
plan  482
6 5 4 3 2 1 1 2 3 4 5 6
plan  483
6 5 4 3 2 1 1 2 3 4 5 6
plan  484
6 5 4 3 2 1 1 2 3 4 5 6
plan  485
6 5 4 3 2 1 1 2 3 4 5 6
plan  486
6 5 4 3 2 1 1 2 3 4 5 6
plan  487
6 5 4 3 2 1 1 2 3 4 5 6
plan  488
6 5 4 3 2 1 1 2 3 4 5 6
plan  489
6 5 4 3 2 1 1 2 3 4 5 6
plan  490
6 5 4 3 2 1 1 2 3 4 5 6
plan  491
6 5 4 3 2 1 1 2 3 4 5 6
plan  492
6 5 4 3 2 1 1 2 3 4 5 6
plan  493
6 5 4 3 2 1 1 2 3 4 5 6
plan  494
6 5 4 3 2 1 1 2 3 4 5 6
plan  495
6 5 4 3 2 1 1 2 3 4 5 6
plan  496
6 5 4 3 2 1 1 2 3 4 5 6
plan  497
6 5 4 3 2 1 1 2 3 4 5 6
plan  498
6 5 4 3 2 1 1 2 3 4 5 6
plan  499
6 5 4 3 2 1 1 2 3 4 5 6
plan  500
6 5 4 3 2 1 1 2 3 4 5 6
