plan  1
720
1764
636
3684
17268
4587
4550
209172
926239
29187
51344
2580281
527694
plan  2
4608
144
270
1275
72
109149
37698
797554
841
808891
25976
651752
29464
plan  3
1905
11706825
2200431
95109
55728
425112
9835
1507977
91167
279546
404696
909648
51164
plan  4
72
36
9522
24783
9330
11031
20780
270481
567848
1507977
52105
18606
2302642
plan  5
1530
129
90
33
243
351
466
222628
456080
17768
538328
567848
3447465
plan  6
2571
303
450
111
147
81
908
29927
196867
90069
868162
1336012
1810942
plan  7
36
48
186
51
3
36
1414
3114
3207
584872
909648
326919
91392
plan  8
2166
24
15567
13599
7485
116535
45736
1213119
10358
460012
567848
2256
4544364
plan  9
1761
327
36
12
3
3
1
893958
432668
471329
453447
1332670
2483991
plan  10
135
45
15
30
3
42
1
1507977
86243
764501
257891
467301
96407
plan  11
3960
13300362
183036
10146
7344
7920
364519
2190
750267
321155
421944
597340
44496
plan  12
330
114
708
1308
279
225
1854
106559
152685
1507977
43760
39650
1258870
plan  13
1464
168
57
93
9
9
500804
2
748468
421776
72320
384286
3045713
plan  14
747
747
249
3
3
1
1
716653
556717
92134
3614612
316573
58623
plan  15
72
45
51
36
48
7077
64933
86243
40621
243441
1326197
111567
12081448
plan  16
792
3196014
6330000
86112
69411
69411
328421
2193
842758
364519
783542
62553
58906
plan  17
12
81
30
12
36
72
1
857365
257891
716653
511303
363863
51546
plan  18
3804
4230
942
10053
13227
12342
94302
113589
233893
299463
16670
1507977
125268
plan  19
84
870
1818
276
519
711
1854
105373
158148
217463
884467
70441
59994
plan  20
1218
1218
1798968
557844
112782
114348
738783
2198
767665
325678
445753
27952
9625821
plan  21
669
5928
1443
2391
15057
55500
329412
46688
128289
299463
75417
760670
36082
plan  22
927
117
927
57
3
1
1
842771
206112
6087180
1156678
5420
3709199
plan  23
2664
19425
271527
2013546
21483
42231
241370
2047
602969
1507977
14372
44510
4223563
plan  24
3009
90
513
6
3
3
4838
157
299463
278656
1188626
17483
869710
plan  25
1098
6249
6804
1464
828
3660
4222
161818
318757
621400
1485204
112671
59994
plan  26
1860
186
9
6
3
3
1
1221992
693729
457432
684021
1441006
4111514
plan  27
2412
366
5637
4386
1833
3684
4550
206759
57937
284305
664075
22486
12081448
plan  28
1080
1857
432
1215
360
756
7721
25093
299463
1507977
43556
2789550
25410
plan  29
3876
4194
1230
14769
4080
8778
53279
61832
441787
1474418
9530
3722772
127030
plan  30
30
36
6
3
3
1
72965
2
275700
508931
460012
880700
90946
plan  31
924
33
3
1
1
1
1
908063
751604
299463
453857
618579
1058568
plan  32
60
30
30
30
3
53706
19000
720287
481
310058
1507977
21083
22878
plan  33
3
1
1
1
1
1
1
1507977
1859
765069
437546
567848
251095
plan  34
258
816
39
12
12
57
1
1301352
105373
633551
514575
1748574
69983
plan  35
1392
984
984
138
119094
20115
15166
325035
1507977
2890
3545720
133581
909648
plan  36
648
648
1409514
122088
16806
33099
4467
1507977
62807
843610
1010207
45454
2122819
plan  37
108
18
6
3
1
1
1
322727
772261
450346
811095
2483991
2472153
plan  38
4257
5109
279
54
171
336
45216
6068
105373
149608
281264
724643
121725
plan  39
42
618
69
33
180
3909
5016
202495
3088
92134
460012
867775
41890
plan  40
30
6
48
6
3
12
466
162185
257891
341612
1500727
79129
869710
plan  41
1152
60432
5544
141765
4602
3057
57983
46688
430958
1507977
7515
681272
12884
plan  42
3600
70731
305895
3753
9360
9372
148366
2192
793725
299463
517659
26464
8650
plan  43
162
162
54
3
3
1
1
100640
705425
257891
2952832
460012
106780
plan  44
546
105096
35139
3846
44505
14487
38934
105373
743844
10291
333893
460012
50234
plan  45
288
5508
771
339
621
915
3634
97380
299463
89852
545249
2670062
28478
plan  46
12
6
3
3
12
12
1
1070969
842771
171554
567848
220308
326790
plan  47
201
246
27
24
12
72
1201
105373
109619
460012
497390
890974
106743
plan  48
1719
1380
5085
570
432
2436
8093
60037
118238
350379
1093744
46007
59994
plan  49
768
768
780
21771
6405
3147
3611
174762
671343
869710
18244
4223563
111030
plan  50
15
15
6
1
1
1
1
153778
704971
567848
1335022
379643
134170
plan  51
5424
281280
10128
2343
1011
2907
4550
188743
54691
425555
676301
3701490
22362
plan  52
6276
13911
16440
2208
1470
2808
4688
109687
346097
447059
635231
116182
55846
plan  53
72210
81564
114867
120702
53316
24240
112729
104611
452484
460012
567848
10524
90017
plan  54
9300
29847
2709
375
681
19335
1899
282639
53279
432996
869710
1750123
40160
plan  55
19284
10212
54603
17532
218817
15897
455562
2207
443835
8288
460012
45880
2661993
plan  56
29817
53538
1971
969
6267
8415
105373
6180
684383
137311
382795
1507977
80343
plan  57
256923
600186
47895
27591
35274
44610
299463
467301
460012
807967
63224
plan  58
273339
20173260
6348018
7106454
106749
107439
541874
2197
794060
1093735
118544
909648
34428
plan  59
6144
96
3
1
1
1
1
986753
115895
776805
438901
4818407
12081448
plan  60
46566
67098
3744
41220
8490
8922
92134
5362
748468
346144
10000
557348
44452
plan  61
278970
324276
9030
240
27
198747
90242
583736
2176
644579
38222
1026829
117007
plan  62
20832
2301
3261
1461
669
483
70509
6068
117528
195628
436169
90118
1092775
plan  63
150408
3474
42627
22596
122742
29112
47937
281208
1507977
26483
621358
12056
5332463
plan  64
135000
285435
2601
846
438
1056
105373
624
576812
193393
423899
1153280
68031
plan  65
27936
756
51
21
18
1053
48947
1076
85450
325635
460012
3535257
10362745
plan  66
36192
2511
918654
2453301
123396
67305
215076
92134
585839
1078252
55426
10578
2006972
plan  67
229809
3429
69
660
6
1
1
688992
866674
1113498
16883
4223563
4945240
plan  68
16986
8880
984
339
339
14526
327
1173402
12036
842771
300921
431829
1336012
plan  69
57561
9099
1095
197967
205161
121734
26620
207495
125574
791812
2011
404679
12081448
plan  70
10734
34827
16455
17283
93168
90587
105373
179361
8540
1138976
752319
569270
14986
plan  71
38241
13992
4998
10761
1293
1944
44538
20376
218905
365106
68128
399803
909648
plan  72
141171
7143
1476
2478
537
2814
57983
5534
245990
1485549
73129
869710
8856928
plan  73
220026
7074
14010
5232
4272
30957
83856
266581
14885
208049
336005
38222
1441006
plan  74
89892
129240
5652
4263
1590
17031
52058
188295
263140
661435
45486
1507977
82628
plan  75
8640
4035
4368
85737
300591
141564
63482
523530
1507977
31829
15218
4223563
1432509
plan  76
243978
6132
68421
249273
30060
22377
30976
174987
209757
474707
31239
8650
4945240
plan  77
38238
4296
1011
3465
144
239724
82854
787300
2193
1047294
30113
10693741
16384
plan  78
499488
9978
132
204
75
27
696
90452
1247237
362858
100888
4945240
6491061
plan  79
354282
990300
105894
74478
38472
543090
297946
456580
45552
723259
567848
1507977
52565
plan  80
137280
234192
42366
54255
183414
72534
105373
84749
179557
359331
8644
1012240
101393
plan  81
29751
35412
1320
2499
2499
3075
364519
1043
113863
842771
343400
384301
115069
plan  82
234561
6546
39888
11787
6732
15291
91167
105373
194634
193503
1226470
25777
1861012
plan  83
166590
228228
92790
62556
23874
20238
49638
167760
330612
367462
30822
909648
99777
plan  84
6942
1746
144678
486825
45075
91536
93098
299463
313087
1135101
34526
48992
869710
plan  85
6660
414
288
2157
432
408
1460
187920
362962
1507977
14616
789677
1118858
plan  86
78432
12383301
130572
27843
9657
5685
30976
46688
235113
371437
1336012
1507977
17172
plan  87
8076
336
23394
23802
8118
160992
13312
599756
10926
401844
753029
10060
4223563
plan  88
49398
5220
2670
18591
4956
7017
5443
92134
511254
1507977
16668
786528
4059161
plan  89
6606
564
4577328
454077
177627
223599
223245
105373
669549
319584
347447
84
934593
plan  90
6408
6408
2136
9078
21333
21375
175824
2207
784788
93633
299463
440441
134170
plan  91
18630
810
45
3
3
1
1
1025603
112532
774922
592728
917072
4428348
plan  92
490197
477561
2108331
15714
11622
16125
520496
1043
702370
127816
1507977
27669
567848
plan  93
12801
2613
167118
9135
28308
1233
153778
1599
752890
49866
754091
2482
1441006
plan  94
37200
19920
6639
6639
141
9
1338
2179
668903
1094223
133391
289030
3395958
plan  95
11088
19902
2226
44775
6849
14907
38934
109619
145720
1507977
15984
3100331
92537
plan  96
30651
9588
12522
121992
463596
65490
44538
586750
1507977
38995
15230
4223563
1206408
plan  97
269163
72501
1108302
44736
194877
6555
798232
2207
698499
30166
869710
21808
9963172
plan  98
399084
55164
797910
472707
676635
239235
82687
790712
634976
86288
675831
1320
1180423
plan  99
399714
2072766
96276
32394
8799
9489
42760
92134
794060
285043
399777
1507977
25180
plan  100
11550
12054
582
28443
24447
21192
69309
194423
231779
364519
1128
1507977
121618
plan  101
25116
76956
11961
3987
12420
3816
624108
2205
271653
54079
270656
766338
30870
plan  102
108597
3110958
82935
82935
4338
64551
75949
270876
49522
1376400
134170
3437713
567848
plan  103
180720
888354
41502
5433
2490
1839
4738
199694
147187
447572
59994
4420091
364519
plan  104
5616
29136
2469
4512
216
1623
144623
2198
181142
1507977
66718
859493
2483991
plan  105
15564
351
16602
6216
6480
52554
2336
1458727
97229
299463
510089
58800
4259932
plan  106
68778
2103
270
750
96
66
1201
364519
458759
1485349
41271
819746
3722789
plan  107
34986
40440
3282
24882
7302
8217
74961
82212
567848
1204775
11426
2135590
130556
plan  108
85623
6747
379830
8340
2787
5670
3114
348988
70987
523784
4692067
38432
11332501
plan  109
47028
636
12306
11370
12174
5376
550
908903
395966
749107
567848
35266
4945240
plan  110
5544
654
9462
21102
3102
2304
4550
92168
460012
1474771
71704
16678
4036679
plan  111
292392
390354
864858
287748
26334
81450
595207
11366
798232
230881
743777
257891
99542
plan  112
51000
51000
2718
8886
8616
11421
74120
105373
268284
467301
11870
800565
134170
plan  113
419298
84024
12867
7251
14244
6405
6925
166872
280434
63639
557247
35400
1336012
plan  114
8394
1548
96
84
84
828
2512
818694
17927
437631
460012
4110546
4223563
plan  115
22734
1512
14436
14436
4986
76509
5116
971398
31716
379295
842771
2207
705176
plan  116
209358
23469
76974
1323
27222
74619
344683
2207
576812
152322
713481
52338
50074
plan  117
207456
207456
9522
78225
12006
8628
53279
53334
313948
1088160
17810
1976908
132655
plan  118
76752
3354
106575
24108
40308
5304
2810
460012
1373097
87940
1441006
41370
4385313
plan  119
5547
288
50889
3540
1299
34788
1361
1060000
75214
706288
866990
28770
4172373
plan  120
135042
1581066
490662
7293234
107511
108135
573533
2205
798232
1116802
8112
460012
54172
plan  121
35817
309
2091
5199
2460
3009
226465
841
745541
124127
638125
15634
12081448
plan  122
372282
96084
912
1602
87
101757
35128
776805
2198
908134
66894
52664
10907551
plan  123
162210
15162
26478
2436
774
114
74120
2198
354580
460012
499875
83270
1230145
plan  124
14310
5319
57
51
9
858
1
745436
97229
792702
257891
4945240
383404
plan  125
169884
90237
31902
9918
51975
19044
63482
179951
710566
25939
550819
909648
46806
plan  126
78948
18510
1398
5661
147
1278
122483
2192
188256
1015899
35664
869710
18428
plan  127
107904
26292
95829
40284
53301
111426
31403
165094
299463
561611
460012
11506
755235
plan  128
18885
885
30
9
6
6
1
1040979
754720
324308
500996
3671969
5870132
plan  129
168018
12675
12675
8214
2496
309
827
188819
374613
369617
566024
134170
6880293
plan  130
118584
4068
79239
32520
61191
33840
95972
109619
394150
64861
460012
25208
1441006
plan  131
12135
3672
264
264
31638
48411
18252
107618
185857
49162
765973
869710
38266
plan  132
25155
25155
1581
3801
1362
1953
3114
91950
171502
215688
567848
661594
134170
plan  133
257568
25644
83544
5445
4605
47940
62509
22675
91872
248865
1298933
50123
2483991
plan  134
424251
1981452
101841
54762
173067
126117
221870
364519
392441
1240594
25288
plan  135
13452
57
18
1
1
3
1
1088331
239801
257891
711733
366791
4945240
plan  136
16128
1008
21
21
6
1
1
842771
686549
339682
47155
10189480
885873
plan  137
28512
1224
80970
22941
44451
16380
44546
157449
775499
74900
658887
1214
8286565
plan  138
168675
19560
177
1827
87
87
2352
13278
196529
1507977
9368
2117168
4275270
plan  139
252081
531858
5907
7851
3954
4152
105373
2141
713042
242326
276890
1030215
68834
plan  140
6603
2145
1773
6135
85002
384174
13074
1498104
158388
22616
2483991
1084537
545064
plan  141
35568
6962427
75891
30204
19209
19299
233603
2161
767665
338141
552415
1507977
50070
plan  142
379224
147231
1465680
60750
158028
4803
281160
2205
776722
43998
806197
38668
12081448
plan  143
222258
248832
116706
3018
100158
59142
46072
460012
537220
22858
11294412
1230559
121173
plan  144
170439
855765
9294
3915
4692
5496
299463
2011
737816
247593
416873
1373321
23384
plan  145
13464
4488
102
3
3
3
1
371266
2204
798232
869710
4223563
378326
plan  146
26031
26031
53661
1011
1011
502017
75
18560
36345
753832
1507977
71943
567848
plan  147
489249
489249
8277
3057
3225
50283
53803
92134
2011
751604
347851
599382
134170
plan  148
39198
111744
5160
3117
5244
2493
5971
83409
601611
92440
59994
4061099
299463
plan  149
10629
20871
1806
311112
302253
212484
246096
257891
455909
441787
1712
1410058
55237
plan  150
230940
145962
265686
88563
2931
101271
698785
2197
59994
845033
457995
62898
2984683
plan  151
19938
11514
882
2820
11049
10062
923
939608
215961
281160
44864
847100
909648
plan  152
178764
17268
3948
4956
126711
126711
140516
19947
842771
49162
112887
46564
845247
plan  153
22464
75861129
800307
58263
18819
21870
494057
2197
720287
460012
599284
1331376
38222
plan  154
90732
114753
196008
246474
58521
58521
6085
83452
842771
544099
567848
84447
18870
plan  155
194028
378330
114414
287172
26298
81342
512329
11344
793476
1048105
257891
1266682
61221
plan  156
268254
382128
107652
153942
49761
6546
795386
2204
345315
460012
30642
9524574
94020
plan  157
95472
2448
5976
36
12
84
2352
36345
66672
200564
1272073
47527
10431438
plan  158
32256
17778
22515
45726
1851
1185
122483
2053
355105
570415
59183
59994
10051077
plan  159
32766
81672
579
66
36
147
92504
1446
92134
317471
532482
1201793
43625
plan  160
162822
166968
26574
701973
174468
276690
294026
257891
295292
497027
19402
2338955
130013
plan  161
28185
18291
2819253
118548
289452
3678
628771
2053
1507977
49245
856952
50104
3599628
plan  162
291186
274029
822612
105990
129906
195144
233394
267380
704568
52413
567848
plan  163
105363
181716
12387
23451
1518
1518
104038
5534
842771
235455
78391
7348501
29934
plan  164
351576
118320
43080
175026
47853
72414
24974
773462
257891
1507977
27904
45718
683482
plan  165
343338
3390
444
192
147
612
15166
12473
44439
289974
59994
1735428
8103000
plan  166
466986
7314
37296
4665
10674
131202
10597
433913
93663
155570
3373896
10436
12081448
plan  167
54900
18300
22893
69558
2145
91560
688806
2047
46954
1507977
49523
909648
131028
plan  168
32043
10683
330
21
21
9
1
218620
84924
842771
1037013
999392
63807
plan  169
450879
518271
29025
130680
13035
3141
63482
46688
520687
782191
55838
8041584
114475
plan  170
57168
948
102
33
3
3
1
1169726
768650
360996
414140
1336012
1756883
plan  171
21906
579
60
6267
189
213
83856
2145
276774
854863
2706
771903
12081448
plan  172
302580
18990
18990
147
12
6
41855
624
298950
691967
862165
134170
1441006
plan  173
90720
291345
183657
29748
5994
3846
2076
443030
511303
625940
743674
1336012
44522
plan  174
142182
8922
18303
2502
690
387
88938
5697
445324
828063
1454141
27112
4223563
plan  175
224214
3660
76866
15054
8163
93792
55471
944980
13549
377512
609062
18512
11870580
plan  176
127320
6852
60582
13035
16866
12150
49294
109520
266753
299463
1047032
25484
2326218
plan  177
31308
187641
3867
2814
2070
5928
16497
105373
158148
196517
195612
585879
24668
plan  178
33663
321087
618633
22242
197631
24549
44610
245821
1507977
16506
2227795
47056
4223563
plan  179
17268
59922
3981
9783
2262
1803
17535
77701
368511
1153123
67100
23722
2483991
plan  180
468804
727944
127584
43053
3753
285
40976
4467
11451188
4171847
371108
870088
79150
plan  181
175248
6138
36519
2289
19482
19956
491412
1028
753832
171422
1507977
20054
11613363
plan  182
460635
6531
5811
1989
9969
1467
3356
117348
1097743
22574
460012
567848
4793360
plan  183
16392
5463
102
27
27
204
1
1202455
2053
798232
201412
3134334
356645
plan  184
178512
11844
1104
3168
1083
141
754
105373
274059
460012
65890
2157438
525765
plan  185
7920
58911
972
123
72
6735
2352
552289
3002
422788
2213465
3123167
35858
plan  186
43056
181749
2559792
10808040
107604
6612
412271
2204
522795
1415436
31183
59994
1336012
plan  187
21585
1311
3030
144
12
3
843
2170
452379
863133
1165570
71245
6284921
plan  188
254034
12549
13899
7476
22842
15471
1447
374786
158810
387981
452688
567848
4945240
plan  189
90366
392547
58122
22359
28131
195345
12890
752173
122483
364519
460012
468033
47938
plan  190
287172
25998
741555
97311
16458
6933
4780
431653
460012
606313
1441006
32926
3114867
plan  191
162306
6168
281235
122478
124863
658818
21270
1218792
255091
364519
456148
41876
4945240
plan  192
118404
299334
26340
27264
9687
1395
5096
105373
256254
340858
432996
712405
544824
plan  193
173352
5958
760707
254064
80610
81231
359543
2207
798232
458902
909648
10766
1507977
plan  194
62571
2748
867
4233
162
459
89742
2161
92134
390731
31712
356113
559796
plan  195
116871
58593
56775
29913
251973
494376
259034
522618
75487
17480
856332
432996
1336012
plan  196
5940
396
462
33
3
9
4662
4566
221656
325924
1390379
122482
982726
plan  197
241149
2301972
32181
32247
13104
153624
5333
1141996
28240
453386
772261
469531
257891
plan  198
200448
66816
1044
36
1
6
1
1443272
50958
869710
36345
8099653
363346
plan  199
14538
3348
1206
864
7272
654
632
90318
341043
12645
432996
292627
1441006
plan  200
41217
153
48
111
375
3030
44827
46688
177312
35808
257891
604304
59994
plan  201
52122
79164
106953
17424
7863
18603
44667
127149
105373
150786
611303
97106
43834
plan  202
432618
380364
834795
33000
13857
9612
46289
92134
460012
482179
1403260
54858
58958
plan  203
12672
45
1
150
288
1122
9362
76798
105373
749255
3153
869710
4339878
plan  204
98676
13131
2568
2313
23547
6468
8394
252594
1507977
14885
714353
2806519
3069386
plan  205
92466
30483
1812
153
192
1575
1
298107
2091
702370
492522
2483991
460012
plan  206
105228
1422
18
3
1
1
1
1196447
798224
250521
492745
1330393
12081448
plan  207
27594
378
9
3
1
3
1
454278
590177
367024
481760
1441006
2241862
plan  208
51690
4560
1521
111
1059
684
93663
2192
68101
14344
570269
460012
4641228
plan  209
7242
48192
19143
25455
28776
9633
40015
73315
452064
567848
98514
772878
36670
plan  210
499461
2677158
79722
31581
18798
98786
105373
467301
499789
1236490
26725
plan  211
104178
38826
17478
28692
2688
47301
49045
460012
45558
1320626
86043
2483991
531880
plan  212
380718
31479
89025
9129
5076
5526
12132
257891
773462
627736
1507977
53678
2252426
plan  213
21090
24390
1650
549
549
513833
210
22544
49162
842771
229251
932408
120276
plan  214
5220
48390
174264
7584
174783
36351
47385
347255
1507977
7595
2190241
23714
2483991
plan  215
425040
716352
15006
576
14580
4149
40270
80473
1507977
1316
4798250
5966503
84921
plan  216
16578
6987
2004
11697
12219
5415
769
211441
247792
798230
493818
719787
909648
plan  217
5799
3063
112512
2648253
70422
71091
603858
2207
776805
1065052
5101
59994
2466578
plan  218
342573
2401377
160194
13341
2751
4734
21760
92134
583736
631606
950951
1507977
20830
plan  219
21258
34074
296484
134940
47028
5772
297946
5362
439433
443507
441501
49476
12081448
plan  220
199026
67590
59724
59796
20088
15627
5444
110018
33014
460012
760559
429643
618390
plan  221
473526
233571
7728
28731
1986
1320
85450
6068
345664
691042
30824
869710
1336012
plan  222
165183
2226
822
264
166890
268776
30158
408327
523152
247728
375878
909648
1812475
plan  223
62016
56466
69984
183057
3732
3732
108940
1859
842771
455329
56296
473900
49860
plan  224
302235
24159
21612
395670
175536
479223
25107
958886
387981
571440
13982
2483991
2515174
plan  225
353334
898140
46110
6582
786
20268
57983
189123
12940
1507977
868442
6651108
66147
plan  226
61680
117852
12798
906
31437
33012
85450
247842
567848
17152
4248656
1507977
65681
plan  227
248550
23442
3942
5280
588
29847
44546
307339
9016
1204983
109400
2593383
703710
plan  228
444957
469395
180717
10701
4617
13614
447345
2195
561611
407593
424538
909648
128984
plan  229
82902
13806
2418
2493
54861
17688
16441
105373
304853
4959
749673
2700500
45622
plan  230
25080
34902
34902
6462
6198
3936
6498
145560
402033
47600
1122781
134170
4223563
plan  231
93063
4443
1097622
1634139
13404
13839
151229
6071
702370
554169
83355
12958
6148983
plan  232
38991
1557
9570
4902
7614
7164
19130
105373
313337
91834
701774
50870
4945240
plan  233
117534
147126
38604
1165323
148077
107526
76650
410102
383012
877464
1374
1336012
102476
plan  234
72012
91410
155364
402711
28125
12114
9775
258050
869710
1457508
37034
2483991
105537
plan  235
6720
840
84
205734
205734
117387
99207
55306
276756
842770
475
639170
8360
plan  236
10296
468
36
3
3
6
1
867009
483440
424433
728965
4802877
4945240
plan  237
73359
513
9
9
6
6
1
1416509
842771
286446
300363
1441006
3940449
plan  238
96414
144573
48192
124308
55641
55971
553357
2198
793725
352430
57966
446922
59994
plan  239
414810
24228
9060
3117
3117
301107
10115
1042825
3146
842771
274417
603177
1441006
plan  240
407637
24969
2370
588
1131
366
2873
334140
1039337
63158
763613
2230974
12081448
plan  241
23679
744
87
291
690
2268
105373
1599
218662
268414
47881
721007
14278
plan  242
67362
4059
267
90
27
33
1
733206
144623
777604
420821
1576999
7528522
plan  243
344106
61890
188928
1146
35019
35019
183259
12328
842771
212076
1433100
39540
1336012
plan  244
14406
16494
2949
277059
14349
5904
5971
299463
869710
1217481
44464
2281347
119173
plan  245
151794
46434
442554
590343
11457
4425
656715
2197
420371
1002128
100380
59994
8397909
plan  246
100968
3240
3039
47094
4662
3285
29257
53550
138530
1507977
8036
567848
2690096
plan  247
24534
230904
1115394
7711170
126363
66573
790712
22675
387659
1295529
17352
47018
2483991
plan  248
56376
50448
444
61698
61698
248280
51124
37592
38873
842770
2170
59994
909648
plan  249
239148
2073
186
63
12
12
1
1362941
797554
224662
460012
2483991
4583671
plan  250
193434
6966
1323
9147
44319
16329
84648
156890
614890
21638
579735
869710
9170127
plan  251
330720
22230
57954
876
291
360
639
60037
176164
458932
1507977
59707
4138332
plan  252
97152
117195
1159092
1765068
25122
41793
421764
841
656715
1051415
81043
59994
1336012
plan  253
132480
560676
703062
25779
828
828
87024
2207
773462
59156
1507977
108014
1336012
plan  254
397914
22440
80130
133698
7341
2658
86243
17121
460012
1045292
87540
39278
8364253
plan  255
346752
439248
308511
6152049
61044
61491
306257
2207
794834
1507977
21998
4223563
104209
plan  256
92688
93585
1413
111
132
717
94302
2197
202945
364519
482791
1507977
132822
plan  257
318720
324696
8406
693309
192615
100764
19865
188148
155774
485189
1859
57774
4223563
plan  258
66945
11985
11985
2034
4434
1944
44538
20376
272806
311407
770226
134170
2483991
plan  259
99948
11175
13245
9438
32103
29463
79565
257306
597917
12144
4223563
109349
4935914
plan  260
9978
1233156
1837623
45771
18663
14229
41855
92134
307241
307500
1435137
83847
44944
plan  261
89274
351870
3927
4197
2115
1653
4688
78454
199486
225352
299463
1440689
32498
plan  262
166059
95742
1423323
6499191
118218
118218
819347
2207
842771
951672
26191
38256
4007877
plan  263
8934
6084
735
5793
1935
1227
12649
30666
122739
251383
299463
1228168
59994
plan  264
293478
14400
750
3723
531
4167
2873
297859
297993
1295987
29929
3925687
12081448
plan  265
123336
68724
694944
4414218
45264
45264
283777
1859
842771
1297627
18026
45782
2488728
plan  266
5040
5040
246
9468
3396
1959
44827
20376
455222
909648
12288
1192824
127418
plan  267
61440
1536
6
3
1
1
1
1090721
798230
397562
394693
842313
12081448
plan  268
356256
389064
25464
64194
17343
39933
63144
215076
105373
1507977
39586
3448738
121660
plan  269
62862
1854
3837
6951
12981
69501
77422
209220
105373
109619
295701
66175
401915
plan  270
230208
115104
143880
9591
10776
858
102716
2047
558117
58758
1507977
109349
5333458
plan  271
5160
66300
2130
741
1524
217788
7865
1507977
5822
567848
312793
4756279
432774
plan  272
437763
189525
5312031
8564496
104787
105462
419842
2179
798228
1250262
77501
32042
9705245
plan  273
234498
115566
148155
272349
7332
4884
364519
1446
348513
1238691
66516
43654
777119
plan  274
34272
264924
999210
13071
19707
46161
523761
2197
583736
381200
1507977
41315
43484
plan  275
64878
4416
5586
119778
128271
74832
10824
309820
237612
730042
2141
51922
865518
plan  276
127620
128100
8100
31197
10335
15129
49045
144144
432996
683813
28986
1451910
127953
plan  277
285264
17874
96
108
12
4578
42455
44543
46688
695951
124477
49360
869710
plan  278
112962
173922
57084
11286
11286
6564
257891
2205
143162
842769
319016
373893
94906
plan  279
92859
70227
442029
5781
17910
36834
63482
312134
58212
39346
4213760
2483991
494608
plan  280
294753
2469
1260
4566
384
270
93663
624
108977
730269
33267
498700
6376063
plan  281
231906
2529
879
315
8613
61908
35386
444593
20082
243735
424957
909648
4945240
plan  282
175122
55413
305550
467664
61683
62658
578940
2145
772261
773945
81135
58838
10518258
plan  283
484626
923322
27468
8928
4275
4275
105373
2207
454790
252724
327084
795724
77162
plan  284
146778
69078
892200
1746240
121386
59184
798232
20376
450718
921630
62865
49632
1336012
plan  285
45531
2925
458628
918624
87135
67971
209220
105373
467301
1252921
59170
1700
869710
plan  286
8154
351
117
12
3
3
1
701296
107307
723694
1336012
397850
4945240
plan  287
455289
275922
991938
2453943
68991
69498
328000
2207
781915
494947
46170
59994
3817022
plan  288
380601
303219
2986698
121242
227928
6420
763206
2193
829552
78494
869710
35840
4223563
plan  289
212547
520266
5346
2943
2157
2157
203015
481
842771
364519
400935
1394805
60386
plan  290
55464
10524
3120
1134
852
2940
6294
130786
41622
189722
44180
1496856
10982303
plan  291
97896
47556
46584
46584
15840
420132
26940
765583
10134
345159
842771
429643
909648
plan  292
218898
10065
9846
9846
5250
2754
792
356748
398210
398060
134170
1336012
2401953
plan  293
223797
8181
7401
2601
1617
7722
4610
477034
28491
338915
460012
567848
3662345
plan  294
170679
170679
20970
37749
1803
83106
92134
75082
38262
1404964
75623
311028
842771
plan  295
60342
244578
29856
11004
276108
643095
59833
540009
331516
7288
440300
869710
943377
plan  296
25479
434442
18879
67992
4821
4884
364519
1446
774922
743621
44014
869710
12538
plan  297
273399
6054
100851
16461
17559
204534
13286
782555
92504
429643
869465
45976
6428996
plan  298
425160
29367
17925
711
75
1092
153778
841
109031
437686
620716
4547602
32232
plan  299
96486
96486
7800
96552
37443
6816
4779
282783
899581
1336012
49476
3834273
134170
plan  300
30234
21906
63792
249375
27582
24510
86243
152773
260600
1342872
35723
29886
4223563
plan  301
11040
81474
1110
145773
88911
268203
26606
267868
37231
683498
2204
53048
1336012
plan  302
56466
4770
3366
6003
2187
2415
24066
50958
567848
1039970
67677
824628
2472168
plan  303
55476
19353
1335
441
441
363
26520
21935
1098764
134170
1656311
2368247
332455
plan  304
30780
1800
382932
67242
405960
48789
104954
248848
1357553
25035
832119
21400
1441006
plan  305
6753
873
1086
180
24
90792
43637
561611
10060
158806
228993
87765
1339386
plan  306
54234
19674
91680
29565
212055
5484
772261
1859
917541
15258
460012
47592
6846611
plan  307
252924
5196
116427
115293
59301
136857
215076
182105
66380
400794
432996
2476
12081448
plan  308
105840
2886
633
3144
135
120
38934
1028
305848
1160823
28870
545907
2526433
plan  309
246252
7494
528
198
2181
435
4838
25042
880733
12740
359915
504305
8012477
plan  310
446556
1093626
364947
1182549
57261
177972
183973
92134
59994
1439449
27079
337134
427352
plan  311
202332
438330
28272
20223
8970
21435
119041
92134
192550
469156
34670
1507977
100868
plan  312
12801
5175
12918
717
204
27312
144623
46688
128623
268977
809548
50684
1336012
plan  313
32640
34080
1920
240
399
267
8830
89742
692785
778090
1336012
377114
131938
plan  314
454407
136653
133467
309468
6102
6102
134474
2207
747722
1507977
72933
31546
10193708
plan  315
444978
148326
204984
5568
1062
4554
92134
2115
190620
216685
397247
96299
451280
plan  316
62016
1116
822
948
54
123954
47967
656715
2179
1060674
114179
948775
36268
plan  317
54672
1043073
1694370
167541
53172
53505
546869
2204
781915
460012
889593
76548
18184
plan  318
20160
2880
7653
825
5970
393
45736
5362
908578
20223
449533
59994
9536901
plan  319
169326
2733
74817
17364
51297
35079
44538
299463
809171
39683
544739
39650
4945240
plan  320
40398
9588
40752
69183
16557
15267
72965
145269
524685
602652
76534
12634
909648
plan  321
26355
10053
258987
2264934
23655
23802
482716
2053
798232
1507977
12780
52460
6288648
plan  322
283770
80034
9486
3228
45618
5622
112729
5534
503023
8272
430654
523374
909648
plan  323
177408
63564
234894
78297
2538
120312
786657
2207
46766
945853
359993
43044
7748181
plan  324
61878
61878
1320
105
3639
4749
92134
2197
652150
180651
464907
1389684
134170
plan  325
37104
7488
265932
627510
15414
10821
252594
40621
460012
1474596
62620
43456
4793367
plan  326
343200
535392
1017612
32802
320139
107562
491667
2207
453464
21600
467475
634913
85279
plan  327
7824
5304
16104
1728
27450
32016
13386
140402
643076
431188
1030202
54830
4692013
plan  328
22176
288
288
6
3
1
1
842771
403938
203365
6494616
125507
4681812
plan  329
219243
32544
45771
4113
4299
543
15484
93663
576511
127888
869710
4223563
4308132
plan  330
41598
2886
26196
16251
63756
32115
75214
161667
636989
36473
748134
23374
4945240
plan  331
24150
690
690
1140
9219
141168
61744
679738
6068
316148
79660
364519
869710
plan  332
306744
349956
108240
118857
47196
17256
91167
165024
758908
810607
52662
909648
116474
plan  333
494262
213636
3252
1089
399
16440
1096
1507977
18542
698103
94746
2737043
257891
plan  334
21216
624
48
462
3
15
48711
475
195996
1345113
12947
759479
7600097
plan  335
31356
280509
20913
8259
6879
58425
20397
676282
16719
441787
460012
740142
48616
plan  336
39618
9936
106725
34371
152424
6570
842769
2190
594118
26346
460012
18434
10739969
plan  337
15477
31758
1356
153
1965
2658
364519
841
723730
158921
712130
1507977
60231
plan  338
32172
26025
760599
1901094
25623
25623
652635
1446
842771
1494474
47006
3574
1517719
plan  339
104589
4107
4293
363
201
189
2626
264136
429643
498985
1244658
126764
11676568
plan  340
192195
58272
3048165
4826151
87798
88539
664962
2205
793476
1107841
78147
59994
10749383
plan  341
48384
29472
48138
83292
1437
1200
115843
2198
302243
1238717
84917
59994
8894336
plan  342
255264
194082
64695
66855
2013
116814
822047
2141
38324
1235275
124341
460012
4223563
plan  343
165102
30450
407364
1111161
15582
5829
319619
2145
425175
1299186
42247
23186
12081448
plan  344
7944
3471
381
327
327
141219
15387
344869
108492
767665
429643
461610
653601
plan  345
466815
646146
893265
141918
51027
51027
551099
2053
842771
140180
702580
874937
91059
plan  346
100611
115653
58581
48882
1305
1305
114788
36345
842771
825347
32506
2483991
123413
plan  347
254367
66999
130371
3357
22062
22491
491038
3207
795913
176275
1507977
80905
2205267
plan  348
16929
378
27
9
6
42
1
436623
239801
376023
420670
4945240
10687802
plan  349
33792
528
33
3
1
1
1
606545
798196
402747
606148
2539872
4945240
plan  350
16380
390
390
129
9
1
1
761386
788325
3081154
291369
134170
11829130
plan  351
8592
13926
297
69
54
4521
1882
224064
364519
406600
467301
916234
86437
plan  352
100017
100017
33339
3240
35973
44634
105373
22675
608941
158090
176035
246791
134170
plan  353
9261
1029
1260
24
9
2538
2512
246178
257891
460012
1217152
119019
2041075
plan  354
35232
57492
24516
26160
10626
46716
4977
580632
59994
457807
798230
792893
364519
plan  355
390612
553500
51606
6738
89370
57663
72965
460012
485113
10410
3093007
834748
110311
plan  356
118212
2853
13524
2337
387
429
1284
257891
768650
607020
1488523
55079
4945240
plan  357
66528
66576
51780
5070
225
225243
68339
479020
2147
489209
19468
1441006
124642
plan  358
19806
240243
42192
36480
35127
12078
793725
364519
445715
1398273
15255
plan  359
34248
26556
2583
861
1029
77925
635541
2207
65279
112638
460012
13380
2648452
plan  360
7167
435
6978
84
36
66
44538
2207
105373
206256
920563
8117
869710
plan  361
57654
6426
528
723
24
24
44538
841
296845
588389
90312
869710
6027776
plan  362
436227
499935
199791
3960444
40113
2037
569332
2141
862976
1507977
49484
3270960
112705
plan  363
238842
551271
602097
20352
47637
52653
548420
2147
743985
340516
436020
125737
57548
plan  364
216378
774540
7668
3498
3498
88257
2899
1118073
12528
842771
453633
2754313
364519
plan  365
230112
1980111
331674
158115
164613
95308
257891
781915
433862
1507977
12548
plan  366
267747
30636
41094
1407
216
7377
204382
3207
179202
253169
634756
97283
4743447
plan  367
292314
292314
16308
3444
552
258
8558
94302
439925
1336012
1384282
393691
134170
plan  368
300204
409068
94572
35016
7599
7002
8694
152465
464245
1097014
24922
4223563
101206
plan  369
385098
23796
10632
36222
5256
37275
24068
299463
20376
1357876
34005
32844
869710
plan  370
103614
104436
2493
192
156
252
85450
2170
260181
299463
869710
1320162
131368
plan  371
11829
113979
36855
182172
42714
42714
516965
2205
842771
407090
27106
909648
34328
plan  372
104694
219093
43551
29379
33678
77701
257891
425002
464245
671795
58043
plan  373
151545
169308
2097
828
129
66
45736
2145
186290
558141
909648
1507977
120990
plan  374
129762
870768
9807
1740
909
19476
8694
452738
6774
433180
676987
4542666
21880
plan  375
20352
1142262
4200402
50319
50664
50925
269754
2199
794060
207087
1507977
29503
4146
plan  376
53037
5821932
21315639
304188
23670
23670
253161
6180
842771
404111
1021200
40966
52266
plan  377
41022
696
54
21
12
12
1
910886
776805
245291
410534
3035219
9028241
plan  378
285771
223566
177585
946521
70554
98786
180870
795700
21392
410513
567848
plan  379
306396
102132
54600
1278
1503
116898
799842
2145
94160
118678
45588
6337486
460012
plan  380
88476
88476
8742
4275
2748
2538
887
216264
330792
441069
511303
959947
134170
plan  381
95388
128568
177900
469332
39957
28152
35386
199344
332268
1220859
15230
2483991
95515
plan  382
314541
6936
1085019
66693
10056
53871
7721
1501241
21952
745880
1825460
45186
4372289
plan  383
29262
10332
32568
32568
57540
219582
6091
1462891
121592
299463
842771
18612
701902
plan  384
6912
6912
384
242400
23730
2013
1557
312001
1507977
2247626
42014
4813029
128603
plan  385
27924
2610
6138
588
1710
5130
923893
716
842771
257891
956493
58604
600266
plan  386
50160
744
1278
876
603
450
3965
44540
369986
50030
1335606
98743
12081448
plan  387
298410
10290
5781
159
54
15
1
379265
286588
386629
6842440
5738
4576015
plan  388
7968
2655978
3132399
119955
7797
7968
364519
2198
761386
466317
685813
116904
33608
plan  389
88236
8664
1212
837
1026
34113
1710
1401759
44610
267380
309465
1441006
35014
plan  390
58488
50886
376386
1359207
19947
6531
795386
2199
460012
1316743
32137
59944
909648
plan  391
243171
807978
9120
3909
7929
7998
364519
2207
793476
217484
518929
1507977
35478
plan  392
216546
17832
1428
1014
714
315
7480
12760
323442
713993
51730
4945240
4008209
plan  393
35508
6366
154614
454071
107322
114240
127149
399477
567848
1192235
50998
16510
869710
plan  394
371688
171786
183948
72501
18669
73617
83856
493747
42948
419385
460012
23360
909648
plan  395
96936
493533
51918
19701
66675
182082
8682
708089
105373
273439
392100
869710
50962
plan  396
97380
100692
2976
122898
94854
94854
682483
2205
842771
343862
20504
1471429
130456
plan  397
23160
224619
553059
6690
4605
6033
299463
2195
693729
325751
1204080
48876
59994
plan  398
14364
228
3456
14040
552
516
44538
6180
317548
1494210
28917
44838
12081448
plan  399
8100
162
27
189
19068
14928
8657
393141
460012
1466611
21476
1441006
3936123
plan  400
5640
24918
115647
21393
9999
16983
52058
163333
299463
375385
1199969
32743
14264
plan  401
247479
989097
67593
66267
50112
154416
1340501
16082
798230
364519
429643
1507977
39062
plan  402
5760
8913
1761
780
2247
393
47937
5362
493371
39462
376670
576125
14264
plan  403
446811
3546
1365
2328
114756
145485
155667
92134
665819
399362
70623
395083
4328018
plan  404
15927
900
10212
387
467607
484602
441019
10060
670216
135074
1128378
13839
11888997
plan  405
5760
2352
7251
9081
1095
2598
2352
129933
460012
914978
108928
49484
2483991
plan  406
67515
9129
5916
27327
5802
5802
4053
299463
842771
1221772
31227
644569
2228314
plan  407
323856
1462329
31170
11874
6342
130977
7659
941813
83856
418685
614258
2170646
59994
plan  408
6426
306
9
3
3
3
1
1456133
576812
103933
283174
1512467
2109454
plan  409
6033
30225
2138943
23994
73683
9189
2612
609483
1321303
54880
4945240
13502
6081211
plan  410
361782
160476
74133
21411
39144
14265
44538
136170
946130
68500
869710
27132
909648
plan  411
203682
225240
24456
176937
25719
8895
5178
449630
718216
1336012
7808
4122591
128568
plan  412
11718
651
93
96
3
3
179055
1
797944
498361
125572
869710
2194891
plan  413
16236
42366
107628
17472
6249
9330
42028
92134
656715
368045
875883
62091
221245
plan  414
83775
2286
237
384
36
18
4780
1446
256970
974010
77277
869710
4223563
plan  415
429771
474327
632487
2501856
70599
70599
531395
1599
842625
545594
36320
567848
50924
plan  416
111618
26826
36864
4638
11187
5433
24539
136711
510636
511303
806700
88396
1927508
plan  417
18954
702
18
3
1
1
1
1102209
758123
415700
830378
1329666
4387681
plan  418
13380
24312
23262
960
217635
183105
61035
842771
397904
236
1375698
762300
71655
plan  419
56232
855
2979
36
36
36
256075
5
698148
315355
561974
46528
8785150
plan  420
208989
208989
61809
4289670
59133
67884
324258
2207
726928
788629
10180
7078643
134170
plan  421
15148254
7758150
1940424
552234
43878
131634
463639
18466
842771
396518
548449
836986
909648
plan  422
560736
6408
2136
4506
4506
33795
209404
2207
46297
789220
299463
445277
45536
plan  423
1782438
86856
127230
19728
6957
11337
49512
92134
624108
460012
1211594
81646
2324603
plan  424
46614948
6207690
7543281
341961
144579
63468
1634473
32966
440442
511303
741541
112625
4800612
plan  425
45880026
779532
794046
625110
47682
147546
565044
20552
798232
1507977
230744
128470
2306899
plan  426
551337
551337
36420
28611
1848
44430
56441
176952
2170
553324
567848
763369
134170
plan  427
41450436
1271646
21438
98448
51603
100014
104954
395296
61806
460012
43172
4642499
7421105
plan  428
3147282
7179540
1037622
305082
27360
84600
466565
11806
798230
244129
953285
1963596
60567
plan  429
15034956
547452
114864
188091
12798
28800
820316
30778
635810
1507977
93386
1331043
8790922
plan  430
5499564
5499564
158220
38979
19011
23478
57983
194929
364519
412368
49756
3396658
134170
plan  431
5405898
337812
21744
29562
9930
37620
4279
303572
20904
305513
674890
483747
12081448
plan  432
1029516
6049320
13651452
410496
70716
72930
30514
123735
751604
281490
1507977
64367
257891
plan  433
2014704
31740
23397
88692
18831
17385
44541
167297
391830
786607
29074
31966
11279415
plan  434
49720833
3429219
229398
376251
10314
10386
7868
8116
754720
1507977
87773
5117454
960912
plan  435
27691644
1415742
1836666
100176
52332
390546
307721
328599
59994
580976
1095677
102352
3303377
plan  436
27730164
2572026
94434
49467
4194
308538
759744
109619
9218
858958
458552
980540
7726305
plan  437
3498060
724350
244539
250014
82494
159585
58410
133634
143304
345724
791812
262329
44870
plan  438
2559711
232245
79173
81810
38844
30302
47292
138971
758123
532555
587254
plan  439
26059335
30616146
9837894
906933
44805
70263
299463
22675
608941
327205
384109
460012
116363
plan  440
1609950
415566
340284
340284
460012
117489
207561
50743
165843
32732
842758
109619
4223563
plan  441
24313869
259635
353415
117909
4857
4944
383604
704
794060
443127
457449
90389
11739945
plan  442
4730175
236802
241431
519318
93090
98826
100815
92134
688992
763937
55796
59994
2610966
plan  443
815388
18456
762
318
180
198
1
745579
758123
361303
285814
1321127
5135512
plan  444
3846723
132339
6378
15039
897
270
1294
87817
764148
1466804
63453
2056077
12081448
plan  445
43775448
533358
107421
20379
11988
16524
93663
158542
257891
469143
1368733
31970
3366374
plan  446
4885458
298218
359052
31974
2976
28899
102716
199433
33818
1391377
869710
4223563
4704577
plan  447
7790082
91776
76698
12873
31908
11331
44538
105060
458935
48102
1336012
43484
4550272
plan  448
1463046
2394438
2182458
90654
309420
126360
166292
246096
606324
30824
1507977
1336012
71481
plan  449
24756114
327057
327057
24219
4710
1704
149041
2195
268623
507801
1197679
134170
9969786
plan  450
1837398
148884
21462
7350
7572
215244
209093
92134
7776
751604
625344
923541
2816189
plan  451
21584874
25600404
2689260
1597968
115914
358560
334393
57382
760559
279832
756311
869710
125239
plan  452
2038548
2038548
110463
36822
105990
108102
582133
2197
761386
185137
460012
48482
134115
plan  453
4333047
814095
47022
47022
48876
18504
2670
31399
465352
750267
134170
1931217
4088254
plan  454
3669744
1024956
224226
329220
26868
83376
1380035
15780
789220
422547
84485
741269
743228
plan  455
41126934
1585980
40392
14688
14877
255414
8910
970473
13333
774922
204446
1360621
8768571
plan  456
1973688
748152
748152
249384
7833
112596
809859
2115
17944
933325
151650
134170
7812161
plan  457
5235906
146892
62880
16620
24285
13215
90452
121639
122156
96943
815874
41056
1441006
plan  458
884304
220782
598392
35028
16338
51084
1350950
12434
763206
439272
1233765
42634
1336012
plan  459
694572
14220
45369
24327
66315
20916
44538
203518
819489
55248
611620
30940
7512855
plan  460
619206
13722
827883
58761
275931
16830
548745
6180
1123415
31175
744429
35168
12081448
plan  461
10257240
11355588
1828338
995811
371928
197247
163032
259762
329684
460012
27854
1144584
122552
plan  462
2601303
2601303
1030908
425964
143118
75276
797944
25792
88986
264544
591305
909648
134170
plan  463
730575
79737
633885
11715
3906
5847
125602
2207
688992
357952
1507977
4396
1657340
plan  464
5674509
1889724
1770519
731079
299563
627695
879384
41670
855321
299463
460012
plan  465
1333284
197304
1825284
80049
58431
43695
75949
342257
404227
511303
882526
14396
2080807
plan  466
1218864
1218864
99432
49080
10506
49119
99368
173221
41360
2358179
747038
966160
134170
plan  467
3417162
33981
22281
23529
3393
19431
44540
234762
493715
515187
123592
909648
4945240
plan  468
39289242
634806
1239162
111492
119802
300078
1380035
49360
364519
798232
963089
62940
3192388
plan  469
34824423
339885
129807
15237
20385
3324
4838
144371
386641
98641
677853
909648
4945240
plan  470
16245429
357366
10815
10815
3942
2517
1257
280023
276118
695963
134170
3267188
10511465
plan  471
909858
69060
26052
9009
9432
10200
40028
92134
792667
432996
460012
708525
1346847
plan  472
4861752
86586
126117
4743
146028
30594
44546
318759
1348682
5992
3671548
46564
12081448
plan  473
46743438
1976241
22941
9753
14781
1761
51922
57983
1054814
87217
766052
4945240
9028594
plan  474
5135040
5926200
116508
36429
7290
6705
60202
100640
502426
1092433
58574
1665285
117005
plan  475
2032728
382680
961710
19437
42438
42681
588724
841
784788
172723
1391120
18228
8610502
plan  476
618594
46242
7134
10200
1524
1230
2810
144395
213366
1507688
81890
909648
2333055
plan  477
1106292
162435
32352
74154
6807
1971
22378
129729
642327
1507977
47931
1089990
1336012
plan  478
24566706
1768266
3925260
117054
27468
31482
13190
96353
656715
247512
1142339
54762
9186256
plan  479
985554
440634
146877
325749
10329
119172
869710
2170
20880
1328171
48647
394590
6430281
plan  480
29656764
2270364
71130
24630
471015
598053
18357
1311118
257891
38376
350534
2620690
285002
plan  481
1665168
70908
5733
1476
1320
66447
22901
764147
5362
364519
786897
1507977
9016
plan  482
2440728
769392
29496834
284454
108252
108252
591287
2198
842771
421822
1357981
19008
8137936
plan  483
10159707
107223
1062396
4042392
119421
262281
257032
92134
393141
1507977
39111
31956
1652678
plan  484
1421952
125985
6405
2235
7803
10932
48711
105373
329779
393978
454714
751138
59994
plan  485
31670226
435891
537027
45987
10869
11961
22616
257891
798232
317611
493332
107194
4945240
plan  486
514518
142854
265428
265428
43065
52203
299463
20376
177181
1052868
134170
45648
563669
plan  487
3834162
65832
454341
326724
1072449
170250
204382
268315
839389
34425
561096
16974
10768630
plan  488
1328580
731772
39031956
2107425
253425
240681
329412
220308
374971
568890
785187
58780
1336012
plan  489
855666
196062
639198
10629
4620
17136
8093
428062
41883
392842
3987176
7406
7483849
plan  490
8630604
187068
187068
41112
20499
7074
47385
64838
211146
238063
28196
134170
3760162
plan  491
23032104
558510
175911
57384
42468
77520
80063
297946
299463
667482
789956
59994
2714069
plan  492
16102878
745776
1113942
18327
72669
40419
20698
535049
220936
756804
1478739
83369
12081448
plan  493
10092072
989004
146613
307917
21537
19272
9341
561611
199486
1507977
55095
8882
5579028
plan  494
10330752
76968
446769
196707
102456
210348
19586
429775
430500
395643
515266
16228
3993035
plan  495
29628063
466101
51627
7761
10989
1347
40938
44538
922581
96685
785809
1364278
10883048
plan  496
1355637
1578510
262191
55566
25725
30948
257891
12328
720287
264947
322412
491625
116704
plan  497
19164234
1097175
1009200
1371018
1222476
740613
246871
842771
467301
467519
103879
567848
790688
plan  498
559728
2366472
85524
113562
5910
5967
779289
2011
256460
776760
58684
1507977
1336012
plan  499
1156446
2604228
132252
1656
36468
32328
102716
150331
287665
7788
4803305
1507977
76630
plan  500
24484224
2640576
4509180
163002
24948
122346
178205
233830
44054
869710
1346262
68882
2483991
