plan  1
1764 527694
636 2580281
3684 51344
17268 29187
4587 926239
4550 209172
2528312 2528312
1380035 1380035
4523930 4523930
134170 134170
59994 59994
14835720 14835720
36244344 36244344
plan  2
144 29464
270 651752
1275 25976
72 808891
109149 841
37698 797554
1380035 1380035
2528312 2528312
14835720 14835720
4523930 4523930
134170 134170
36244344 36244344
59994 59994
plan  3
11706825 51164
2200431 909648
95109 404696
55728 279546
425112 91167
9835 1507977
134170 134170
4523930 4523930
2528312 2528312
2609129 2609129
14835720 14835720
36244344 36244344
59994 59994
plan  4
36 2302642
9522 18606
24783 52105
9330 1507977
11031 567848
20780 270481
2528312 2528312
1380035 1380035
36244344 36244344
4523930 4523930
134170 134170
59994 59994
14835720 14835720
plan  5
129 3447465
90 567848
33 538328
243 17768
351 456080
466 222628
2528312 2528312
1380035 1380035
4523930 4523930
134170 134170
2609129 2609129
36244344 36244344
14835720 14835720
plan  6
303 1810942
450 1336012
111 868162
147 90069
81 196867
908 29927
2528312 2528312
4523930 4523930
1380035 1380035
134170 134170
2609129 2609129
36244344 36244344
14835720 14835720
plan  7
48 91392
186 326919
51 909648
3 584872
36 3207
1414 3114
1380035 1380035
2528312 2528312
14835720 14835720
2609129 2609129
36244344 36244344
4523930 4523930
134170 134170
plan  8
24 4544364
15567 2256
13599 567848
7485 460012
116535 10358
45736 1213119
2528312 2528312
4523930 4523930
134170 134170
1380035 1380035
36244344 36244344
59994 59994
14835720 14835720
plan  9
327 2483991
36 1332670
12 453447
3 471329
3 432668
1 893958
134170 134170
4523930 4523930
2528312 2528312
2609129 2609129
1380035 1380035
14835720 14835720
36244344 36244344
plan  10
45 96407
15 467301
30 257891
3 764501
42 86243
1 1507977
134170 134170
4523930 4523930
2528312 2528312
2609129 2609129
36244344 36244344
14835720 14835720
1380035 1380035
plan  11
13300362 44496
183036 597340
10146 421944
7344 321155
7920 750267
364519 2190
36244344 36244344
14835720 14835720
2528312 2528312
1380035 1380035
2609129 2609129
4523930 4523930
59994 59994
plan  12
114 1258870
708 39650
1308 43760
279 1507977
225 152685
1854 106559
2528312 2528312
1380035 1380035
2609129 2609129
4523930 4523930
134170 134170
59994 59994
14835720 14835720
plan  13
168 3045713
57 384286
93 72320
9 421776
9 748468
500804 2
2609129 2609129
36244344 36244344
2528312 2528312
4523930 4523930
134170 134170
1380035 1380035
14835720 14835720
plan  14
747 58623
249 316573
3 3614612
3 92134
1 556717
1 716653
4523930 4523930
2528312 2528312
2609129 2609129
36244344 36244344
14835720 14835720
1380035 1380035
134170 134170
plan  15
45 12081448
51 111567
36 1326197
48 243441
7077 40621
64933 86243
1380035 1380035
2528312 2528312
14835720 14835720
2609129 2609129
4523930 4523930
134170 134170
36244344 36244344
plan  16
3196014 58906
6330000 62553
86112 783542
69411 364519
69411 842758
328421 2193
2609129 2609129
14835720 14835720
2528312 2528312
36244344 36244344
4523930 4523930
134170 134170
59994 59994
plan  17
81 51546
30 363863
12 511303
36 716653
72 257891
1 857365
134170 134170
4523930 4523930
36244344 36244344
2528312 2528312
14835720 14835720
1380035 1380035
59994 59994
plan  18
4230 125268
942 1507977
10053 16670
13227 299463
12342 233893
94302 113589
2528312 2528312
1380035 1380035
2609129 2609129
36244344 36244344
59994 59994
4523930 4523930
134170 134170
plan  19
870 59994
1818 70441
276 884467
519 217463
711 158148
1854 105373
2528312 2528312
36244344 36244344
14835720 14835720
2609129 2609129
4523930 4523930
134170 134170
59994 59994
plan  20
1218 9625821
1798968 27952
557844 445753
112782 325678
114348 767665
738783 2198
2609129 2609129
14835720 14835720
2528312 2528312
4523930 4523930
1380035 1380035
59994 59994
36244344 36244344
plan  21
5928 36082
1443 760670
2391 75417
15057 299463
55500 128289
329412 46688
2528312 2528312
14835720 14835720
4523930 4523930
36244344 36244344
134170 134170
2609129 2609129
59994 59994
plan  22
117 3709199
927 5420
57 1156678
3 6087180
1 206112
1 842771
1380035 1380035
2528312 2528312
2609129 2609129
36244344 36244344
4523930 4523930
134170 134170
14835720 14835720
plan  23
19425 4223563
271527 44510
2013546 14372
21483 1507977
42231 602969
241370 2047
2609129 2609129
14835720 14835720
2528312 2528312
4523930 4523930
134170 134170
59994 59994
36244344 36244344
plan  24
90 869710
513 17483
6 1188626
3 278656
3 299463
4838 157
2528312 2528312
14835720 14835720
36244344 36244344
1380035 1380035
4523930 4523930
134170 134170
2609129 2609129
plan  25
6249 59994
6804 112671
1464 1485204
828 621400
3660 318757
4222 161818
2528312 2528312
1380035 1380035
36244344 36244344
2609129 2609129
4523930 4523930
134170 134170
59994 59994
plan  26
186 4111514
9 1441006
6 684021
3 457432
3 693729
1 1221992
134170 134170
4523930 4523930
2528312 2528312
1380035 1380035
2609129 2609129
36244344 36244344
14835720 14835720
plan  27
366 12081448
5637 22486
4386 664075
1833 284305
3684 57937
4550 206759
2528312 2528312
4523930 4523930
134170 134170
1380035 1380035
2609129 2609129
59994 59994
36244344 36244344
plan  28
1857 25410
432 2789550
1215 43556
360 1507977
756 299463
7721 25093
2528312 2528312
1380035 1380035
36244344 36244344
4523930 4523930
134170 134170
14835720 14835720
59994 59994
plan  29
4194 127030
1230 3722772
14769 9530
4080 1474418
8778 441787
53279 61832
2528312 2528312
1380035 1380035
14835720 14835720
4523930 4523930
59994 59994
36244344 36244344
134170 134170
plan  30
36 90946
6 880700
3 460012
3 508931
1 275700
72965 2
2528312 2528312
36244344 36244344
14835720 14835720
2609129 2609129
1380035 1380035
4523930 4523930
134170 134170
plan  31
33 1058568
3 618579
1 453857
1 299463
1 751604
1 908063
134170 134170
4523930 4523930
2528312 2528312
36244344 36244344
1380035 1380035
2609129 2609129
14835720 14835720
plan  32
30 22878
30 21083
30 1507977
3 310058
53706 481
19000 720287
1380035 1380035
2528312 2528312
14835720 14835720
2609129 2609129
4523930 4523930
134170 134170
59994 59994
plan  33
1 251095
1 567848
1 437546
1 765069
1 1859
1 1507977
134170 134170
4523930 4523930
14835720 14835720
2528312 2528312
2609129 2609129
36244344 36244344
1380035 1380035
plan  34
816 69983
39 1748574
12 514575
12 633551
57 105373
1 1301352
134170 134170
4523930 4523930
36244344 36244344
2528312 2528312
2609129 2609129
14835720 14835720
1380035 1380035
plan  35
984 909648
984 133581
138 3545720
119094 2890
20115 1507977
15166 325035
2528312 2528312
1380035 1380035
4523930 4523930
59994 59994
14835720 14835720
134170 134170
36244344 36244344
plan  36
648 2122819
1409514 45454
122088 1010207
16806 843610
33099 62807
4467 1507977
2528312 2528312
4523930 4523930
134170 134170
2609129 2609129
14835720 14835720
59994 59994
36244344 36244344
plan  37
18 2472153
6 2483991
3 811095
1 450346
1 772261
1 322727
134170 134170
4523930 4523930
2528312 2528312
1380035 1380035
2609129 2609129
36244344 36244344
14835720 14835720
plan  38
5109 121725
279 724643
54 281264
171 149608
336 105373
45216 6068
2528312 2528312
14835720 14835720
36244344 36244344
1380035 1380035
2609129 2609129
4523930 4523930
134170 134170
plan  39
618 41890
69 867775
33 460012
180 92134
3909 3088
5016 202495
2528312 2528312
4523930 4523930
134170 134170
36244344 36244344
1380035 1380035
2609129 2609129
59994 59994
plan  40
6 869710
48 79129
6 1500727
3 341612
12 257891
466 162185
2528312 2528312
14835720 14835720
36244344 36244344
1380035 1380035
4523930 4523930
134170 134170
2609129 2609129
plan  41
60432 12884
5544 681272
141765 7515
4602 1507977
3057 430958
57983 46688
2528312 2528312
14835720 14835720
1380035 1380035
4523930 4523930
134170 134170
2609129 2609129
59994 59994
plan  42
70731 8650
305895 26464
3753 517659
9360 299463
9372 793725
148366 2192
2609129 2609129
14835720 14835720
2528312 2528312
36244344 36244344
4523930 4523930
134170 134170
59994 59994
plan  43
162 106780
54 460012
3 2952832
3 257891
1 705425
1 100640
4523930 4523930
2528312 2528312
2609129 2609129
36244344 36244344
14835720 14835720
1380035 1380035
134170 134170
plan  44
105096 50234
35139 460012
3846 333893
44505 10291
14487 743844
38934 105373
2528312 2528312
36244344 36244344
4523930 4523930
134170 134170
2609129 2609129
1380035 1380035
59994 59994
plan  45
5508 28478
771 2670062
339 545249
621 89852
915 299463
3634 97380
2528312 2528312
4523930 4523930
36244344 36244344
134170 134170
2609129 2609129
14835720 14835720
59994 59994
plan  46
6 326790
3 220308
3 567848
12 171554
12 842771
1 1070969
134170 134170
4523930 4523930
2528312 2528312
2609129 2609129
36244344 36244344
14835720 14835720
1380035 1380035
plan  47
246 106743
27 890974
24 497390
12 460012
72 109619
1201 105373
2528312 2528312
36244344 36244344
14835720 14835720
1380035 1380035
2609129 2609129
4523930 4523930
134170 134170
plan  48
1380 59994
5085 46007
570 1093744
432 350379
2436 118238
8093 60037
2528312 2528312
14835720 14835720
2609129 2609129
36244344 36244344
4523930 4523930
134170 134170
59994 59994
plan  49
768 111030
780 4223563
21771 18244
6405 869710
3147 671343
3611 174762
2528312 2528312
1380035 1380035
4523930 4523930
2609129 2609129
59994 59994
36244344 36244344
134170 134170
plan  50
15 134170
6 379643
1 1335022
1 567848
1 704971
1 153778
4523930 4523930
2528312 2528312
2609129 2609129
36244344 36244344
14835720 14835720
1380035 1380035
134170 134170
plan  51
281280 22362
10128 3701490
2343 676301
1011 425555
2907 54691
4550 188743
2528312 2528312
4523930 4523930
134170 134170
1380035 1380035
2609129 2609129
14835720 14835720
59994 59994
plan  52
13911 55846
16440 116182
2208 635231
1470 447059
2808 346097
4688 109687
2528312 2528312
2609129 2609129
36244344 36244344
1380035 1380035
4523930 4523930
134170 134170
59994 59994
plan  53
81564 90017
114867 10524
120702 567848
53316 460012
24240 452484
112729 104611
2528312 2528312
2609129 2609129
4523930 4523930
1380035 1380035
36244344 36244344
59994 59994
134170 134170
plan  54
29847 40160
2709 1750123
375 869710
681 432996
19335 53279
1899 282639
134170 134170
4523930 4523930
2528312 2528312
14835720 14835720
2609129 2609129
36244344 36244344
59994 59994
plan  55
10212 2661993
54603 45880
17532 460012
218817 8288
15897 443835
455562 2207
2609129 2609129
14835720 14835720
4523930 4523930
134170 134170
1380035 1380035
59994 59994
36244344 36244344
plan  56
53538 80343
1971 1507977
969 382795
6267 137311
8415 684383
105373 6180
36244344 36244344
14835720 14835720
2528312 2528312
1380035 1380035
2609129 2609129
4523930 4523930
134170 134170
plan  57
600186 63224
47895 807967
27591 460012
35274 467301
44610 299463
2528312 2528312
36244344 36244344
14835720 14835720
1380035 1380035
4523930 4523930
134170 134170
plan  58
20173260 34428
6348018 909648
7106454 118544
106749 1093735
107439 794060
541874 2197
2609129 2609129
14835720 14835720
2528312 2528312
4523930 4523930
134170 134170
36244344 36244344
59994 59994
plan  59
96 12081448
3 4818407
1 438901
1 776805
1 115895
1 986753
134170 134170
4523930 4523930
2609129 2609129
2528312 2528312
1380035 1380035
14835720 14835720
36244344 36244344
plan  60
67098 44452
3744 557348
41220 10000
8490 346144
8922 748468
92134 5362
36244344 36244344
14835720 14835720
2528312 2528312
4523930 4523930
134170 134170
2609129 2609129
59994 59994
plan  61
324276 117007
9030 1026829
240 38222
27 644579
198747 2176
90242 583736
1380035 1380035
2528312 2528312
14835720 14835720
2609129 2609129
59994 59994
4523930 4523930
134170 134170
plan  62
2301 1092775
3261 90118
1461 436169
669 195628
483 117528
70509 6068
2528312 2528312
14835720 14835720
4523930 4523930
1380035 1380035
2609129 2609129
134170 134170
36244344 36244344
plan  63
3474 5332463
42627 12056
22596 621358
122742 26483
29112 1507977
47937 281208
2528312 2528312
1380035 1380035
4523930 4523930
134170 134170
2609129 2609129
59994 59994
36244344 36244344
plan  64
285435 68031
2601 1153280
846 423899
438 193393
1056 576812
105373 624
36244344 36244344
14835720 14835720
2528312 2528312
2609129 2609129
1380035 1380035
4523930 4523930
134170 134170
plan  65
756 10362745
51 3535257
21 460012
18 325635
1053 85450
48947 1076
134170 134170
4523930 4523930
2528312 2528312
2609129 2609129
1380035 1380035
14835720 14835720
36244344 36244344
plan  66
2511 2006972
918654 10578
2453301 55426
123396 1078252
67305 585839
215076 92134
2528312 2528312
36244344 36244344
2609129 2609129
4523930 4523930
134170 134170
59994 59994
14835720 14835720
plan  67
3429 4945240
69 4223563
660 16883
6 1113498
1 866674
1 688992
1380035 1380035
2528312 2528312
2609129 2609129
4523930 4523930
134170 134170
36244344 36244344
14835720 14835720
plan  68
8880 1336012
984 431829
339 300921
339 842771
14526 12036
327 1173402
134170 134170
4523930 4523930
59994 59994
2528312 2528312
1380035 1380035
2609129 2609129
36244344 36244344
plan  69
9099 12081448
1095 404679
197967 2011
205161 791812
121734 125574
26620 207495
134170 134170
4523930 4523930
1380035 1380035
2528312 2528312
14835720 14835720
2609129 2609129
36244344 36244344
plan  70
34827 14986
16455 569270
17283 752319
93168 179361
90587 105373
1380035 1380035
36244344 36244344
8540 1138976
134170 134170
4523930 4523930
2528312 2528312
2609129 2609129
59994 59994
plan  71
13992 909648
4998 399803
10761 68128
1293 365106
1944 218905
44538 20376
2528312 2528312
14835720 14835720
2609129 2609129
4523930 4523930
134170 134170
1380035 1380035
36244344 36244344
plan  72
7143 8856928
1476 869710
2478 73129
537 1485549
2814 245990
57983 5534
2528312 2528312
14835720 14835720
1380035 1380035
4523930 4523930
134170 134170
2609129 2609129
36244344 36244344
plan  73
7074 1441006
14010 38222
5232 336005
4272 208049
30957 14885
83856 266581
2528312 2528312
4523930 4523930
134170 134170
2609129 2609129
1380035 1380035
59994 59994
36244344 36244344
plan  74
129240 82628
5652 1507977
4263 45486
1590 661435
17031 263140
52058 188295
2528312 2528312
14835720 14835720
1380035 1380035
36244344 36244344
59994 59994
4523930 4523930
134170 134170
plan  75
4035 1432509
4368 4223563
85737 15218
300591 31829
141564 1507977
63482 523530
2528312 2528312
2609129 2609129
4523930 4523930
134170 134170
59994 59994
36244344 36244344
14835720 14835720
plan  76
6132 4945240
68421 8650
249273 31239
30060 474707
22377 209757
30976 174987
2528312 2528312
1380035 1380035
2609129 2609129
4523930 4523930
134170 134170
59994 59994
14835720 14835720
plan  77
4296 16384
1011 10693741
3465 30113
144 1047294
239724 2193
82854 787300
1380035 1380035
2528312 2528312
14835720 14835720
4523930 4523930
134170 134170
36244344 36244344
59994 59994
plan  78
9978 6491061
132 4945240
204 100888
75 362858
27 1247237
696 90452
59994 59994
2528312 2528312
4523930 4523930
1380035 1380035
134170 134170
14835720 14835720
36244344 36244344
plan  79
990300 52565
105894 1507977
74478 567848
38472 723259
543090 45552
297946 456580
2528312 2528312
1380035 1380035
59994 59994
2609129 2609129
36244344 36244344
4523930 4523930
134170 134170
plan  80
234192 101393
42366 1012240
54255 8644
183414 359331
72534 179557
105373 84749
36244344 36244344
4523930 4523930
1380035 1380035
2528312 2528312
59994 59994
14835720 14835720
134170 134170
plan  81
35412 115069
1320 384301
2499 343400
2499 842771
3075 113863
364519 1043
36244344 36244344
14835720 14835720
1380035 1380035
2528312 2528312
4523930 4523930
2609129 2609129
134170 134170
plan  82
6546 1861012
39888 25777
11787 1226470
6732 193503
15291 194634
91167 105373
2528312 2528312
36244344 36244344
2609129 2609129
1380035 1380035
4523930 4523930
134170 134170
14835720 14835720
plan  83
228228 99777
92790 909648
62556 30822
23874 367462
20238 330612
49638 167760
2528312 2528312
4523930 4523930
2609129 2609129
1380035 1380035
59994 59994
36244344 36244344
134170 134170
plan  84
1746 869710
144678 48992
486825 34526
45075 1135101
91536 313087
93098 299463
2528312 2528312
36244344 36244344
1380035 1380035
4523930 4523930
134170 134170
59994 59994
2609129 2609129
plan  85
414 1118858
288 789677
2157 14616
432 1507977
408 362962
1460 187920
2528312 2528312
1380035 1380035
2609129 2609129
4523930 4523930
134170 134170
36244344 36244344
14835720 14835720
plan  86
12383301 17172
130572 1507977
27843 1336012
9657 371437
5685 235113
30976 46688
2528312 2528312
14835720 14835720
2609129 2609129
1380035 1380035
36244344 36244344
4523930 4523930
59994 59994
plan  87
336 4223563
23394 10060
23802 753029
8118 401844
160992 10926
13312 599756
134170 134170
4523930 4523930
59994 59994
1380035 1380035
2528312 2528312
14835720 14835720
36244344 36244344
plan  88
5220 4059161
2670 786528
18591 16668
4956 1507977
7017 511254
5443 92134
1380035 1380035
36244344 36244344
2528312 2528312
4523930 4523930
134170 134170
2609129 2609129
14835720 14835720
plan  89
564 934593
4577328 84
454077 347447
177627 319584
223599 669549
223245 105373
2609129 2609129
36244344 36244344
2528312 2528312
1380035 1380035
4523930 4523930
59994 59994
14835720 14835720
plan  90
6408 134170
2136 440441
9078 299463
21333 93633
21375 784788
175824 2207
2609129 2609129
14835720 14835720
2528312 2528312
4523930 4523930
36244344 36244344
1380035 1380035
134170 134170
plan  91
810 4428348
45 917072
3 592728
3 774922
1 112532
1 1025603
134170 134170
4523930 4523930
1380035 1380035
2528312 2528312
2609129 2609129
14835720 14835720
36244344 36244344
plan  92
477561 567848
2108331 27669
15714 1507977
11622 127816
16125 702370
520496 1043
2609129 2609129
14835720 14835720
2528312 2528312
1380035 1380035
4523930 4523930
134170 134170
36244344 36244344
plan  93
2613 1441006
167118 2482
9135 754091
28308 49866
1233 752890
153778 1599
2528312 2528312
14835720 14835720
4523930 4523930
134170 134170
2609129 2609129
59994 59994
36244344 36244344
plan  94
19920 3395958
6639 289030
6639 133391
141 1094223
9 668903
1338 2179
59994 59994
14835720 14835720
2609129 2609129
4523930 4523930
134170 134170
1380035 1380035
36244344 36244344
plan  95
19902 92537
2226 3100331
44775 15984
6849 1507977
14907 145720
38934 109619
2528312 2528312
14835720 14835720
1380035 1380035
4523930 4523930
59994 59994
36244344 36244344
134170 134170
plan  96
9588 1206408
12522 4223563
121992 15230
463596 38995
65490 1507977
44538 586750
2528312 2528312
2609129 2609129
4523930 4523930
134170 134170
59994 59994
36244344 36244344
14835720 14835720
plan  97
72501 9963172
1108302 21808
44736 869710
194877 30166
6555 698499
798232 2207
2528312 2528312
14835720 14835720
4523930 4523930
134170 134170
2609129 2609129
59994 59994
36244344 36244344
plan  98
55164 1180423
797910 1320
472707 675831
676635 86288
239235 634976
82687 790712
1380035 1380035
2528312 2528312
4523930 4523930
134170 134170
2609129 2609129
59994 59994
36244344 36244344
plan  99
2072766 25180
96276 1507977
32394 399777
8799 285043
9489 794060
42760 92134
59994 59994
36244344 36244344
2528312 2528312
2609129 2609129
1380035 1380035
4523930 4523930
134170 134170
plan  100
12054 121618
582 1507977
28443 1128
24447 364519
21192 231779
69309 194423
2528312 2528312
1380035 1380035
2609129 2609129
36244344 36244344
59994 59994
4523930 4523930
134170 134170
plan  101
76956 30870
11961 766338
3987 270656
12420 54079
3816 271653
624108 2205
2528312 2528312
14835720 14835720
4523930 4523930
134170 134170
1380035 1380035
2609129 2609129
59994 59994
plan  102
3110958 567848
82935 3437713
82935 134170
4338 1376400
64551 49522
75949 270876
2528312 2528312
2609129 2609129
59994 59994
4523930 4523930
134170 134170
14835720 14835720
36244344 36244344
plan  103
888354 364519
41502 4420091
5433 59994
2490 447572
1839 147187
4738 199694
1380035 1380035
2528312 2528312
2609129 2609129
4523930 4523930
59994 59994
14835720 14835720
36244344 36244344
plan  104
29136 2483991
2469 859493
4512 66718
216 1507977
1623 181142
144623 2198
2528312 2528312
14835720 14835720
1380035 1380035
4523930 4523930
134170 134170
2609129 2609129
36244344 36244344
plan  105
351 4259932
16602 58800
6216 510089
6480 299463
52554 97229
2336 1458727
134170 134170
4523930 4523930
2528312 2528312
36244344 36244344
2609129 2609129
59994 59994
14835720 14835720
plan  106
2103 3722789
270 819746
750 41271
96 1485349
66 458759
1201 364519
2528312 2528312
36244344 36244344
1380035 1380035
4523930 4523930
134170 134170
2609129 2609129
14835720 14835720
plan  107
40440 130556
3282 2135590
24882 11426
7302 1204775
8217 567848
74961 82212
1380035 1380035
2528312 2528312
36244344 36244344
4523930 4523930
59994 59994
14835720 14835720
134170 134170
plan  108
6747 11332501
379830 38432
8340 4692067
2787 523784
5670 70987
3114 348988
2528312 2528312
4523930 4523930
134170 134170
2609129 2609129
14835720 14835720
59994 59994
36244344 36244344
plan  109
636 4945240
12306 35266
11370 567848
12174 749107
5376 395966
550 908903
134170 134170
4523930 4523930
1380035 1380035
2528312 2528312
36244344 36244344
59994 59994
14835720 14835720
plan  110
654 4036679
9462 16678
21102 71704
3102 1474771
2304 460012
4550 92168
2528312 2528312
2609129 2609129
1380035 1380035
4523930 4523930
134170 134170
59994 59994
14835720 14835720
plan  111
390354 99542
864858 257891
287748 743777
26334 230881
81450 798232
595207 11366
1380035 1380035
59994 59994
2528312 2528312
4523930 4523930
2609129 2609129
36244344 36244344
134170 134170
plan  112
51000 134170
2718 800565
8886 11870
8616 467301
11421 268284
74120 105373
2528312 2528312
36244344 36244344
1380035 1380035
14835720 14835720
59994 59994
4523930 4523930
134170 134170
plan  113
84024 1336012
12867 35400
7251 557247
14244 63639
6405 280434
6925 166872
2528312 2528312
1380035 1380035
4523930 4523930
134170 134170
2609129 2609129
59994 59994
36244344 36244344
plan  114
1548 4223563
96 4110546
84 460012
84 437631
828 17927
2512 818694
2528312 2528312
4523930 4523930
134170 134170
2609129 2609129
1380035 1380035
14835720 14835720
36244344 36244344
plan  115
1512 705176
14436 2207
14436 842771
4986 379295
76509 31716
5116 971398
134170 134170
4523930 4523930
59994 59994
1380035 1380035
2528312 2528312
14835720 14835720
2609129 2609129
plan  116
23469 50074
76974 52338
1323 713481
27222 152322
74619 576812
344683 2207
2609129 2609129
14835720 14835720
2528312 2528312
1380035 1380035
4523930 4523930
134170 134170
59994 59994
plan  117
207456 132655
9522 1976908
78225 17810
12006 1088160
8628 313948
53279 53334
2528312 2528312
2609129 2609129
1380035 1380035
4523930 4523930
59994 59994
14835720 14835720
134170 134170
plan  118
3354 4385313
106575 41370
24108 1441006
40308 87940
5304 1373097
2810 460012
2528312 2528312
1380035 1380035
4523930 4523930
134170 134170
36244344 36244344
59994 59994
14835720 14835720
plan  119
288 4172373
50889 28770
3540 866990
1299 706288
34788 75214
1361 1060000
134170 134170
4523930 4523930
2528312 2528312
36244344 36244344
2609129 2609129
59994 59994
14835720 14835720
plan  120
1581066 54172
490662 460012
7293234 8112
107511 1116802
108135 798232
573533 2205
2609129 2609129
14835720 14835720
2528312 2528312
4523930 4523930
134170 134170
1380035 1380035
59994 59994
plan  121
309 12081448
2091 15634
5199 638125
2460 124127
3009 745541
226465 841
2609129 2609129
14835720 14835720
2528312 2528312
1380035 1380035
4523930 4523930
134170 134170
36244344 36244344
plan  122
96084 10907551
912 52664
1602 66894
87 908134
101757 2198
35128 776805
1380035 1380035
2528312 2528312
14835720 14835720
4523930 4523930
134170 134170
59994 59994
36244344 36244344
plan  123
15162 1230145
26478 83270
2436 499875
774 460012
114 354580
74120 2198
2528312 2528312
14835720 14835720
2609129 2609129
1380035 1380035
4523930 4523930
134170 134170
36244344 36244344
plan  124
5319 383404
57 4945240
51 257891
9 792702
858 97229
1 745436
134170 134170
4523930 4523930
2528312 2528312
2609129 2609129
36244344 36244344
14835720 14835720
1380035 1380035
plan  125
90237 46806
31902 909648
9918 550819
51975 25939
19044 710566
63482 179951
2528312 2528312
1380035 1380035
4523930 4523930
134170 134170
2609129 2609129
36244344 36244344
59994 59994
plan  126
18510 18428
1398 869710
5661 35664
147 1015899
1278 188256
122483 2192
2528312 2528312
14835720 14835720
1380035 1380035
4523930 4523930
134170 134170
2609129 2609129
59994 59994
plan  127
26292 755235
95829 11506
40284 460012
53301 561611
111426 299463
31403 165094
134170 134170
4523930 4523930
36244344 36244344
2528312 2528312
1380035 1380035
59994 59994
2609129 2609129
plan  128
885 5870132
30 3671969
9 500996
6 324308
6 754720
1 1040979
134170 134170
4523930 4523930
2528312 2528312
1380035 1380035
2609129 2609129
14835720 14835720
36244344 36244344
plan  129
12675 6880293
12675 134170
8214 566024
2496 369617
309 374613
827 188819
2528312 2528312
14835720 14835720
2609129 2609129
1380035 1380035
4523930 4523930
134170 134170
36244344 36244344
plan  130
4068 1441006
79239 25208
32520 460012
61191 64861
33840 394150
95972 109619
2528312 2528312
14835720 14835720
4523930 4523930
134170 134170
1380035 1380035
59994 59994
36244344 36244344
plan  131
3672 38266
264 869710
264 765973
31638 49162
48411 185857
18252 107618
134170 134170
4523930 4523930
36244344 36244344
14835720 14835720
2528312 2528312
2609129 2609129
59994 59994
plan  132
25155 134170
1581 661594
3801 567848
1362 215688
1953 171502
3114 91950
2528312 2528312
2609129 2609129
1380035 1380035
14835720 14835720
36244344 36244344
4523930 4523930
134170 134170
plan  133
25644 2483991
83544 50123
5445 1298933
4605 248865
47940 91872
62509 22675
2609129 2609129
14835720 14835720
2528312 2528312
1380035 1380035
4523930 4523930
134170 134170
36244344 36244344
plan  134
1981452 25288
101841 1240594
54762 392441
173067 364519
126117 221870
2528312 2528312
2609129 2609129
36244344 36244344
1380035 1380035
4523930 4523930
134170 134170
plan  135
57 4945240
18 366791
1 711733
1 257891
3 239801
1 1088331
134170 134170
4523930 4523930
2528312 2528312
36244344 36244344
2609129 2609129
1380035 1380035
14835720 14835720
plan  136
1008 885873
21 10189480
21 47155
6 339682
1 686549
1 842771
4523930 4523930
2528312 2528312
2609129 2609129
1380035 1380035
134170 134170
36244344 36244344
14835720 14835720
plan  137
1224 8286565
80970 1214
22941 658887
44451 74900
16380 775499
44546 157449
2528312 2528312
1380035 1380035
4523930 4523930
134170 134170
2609129 2609129
59994 59994
36244344 36244344
plan  138
19560 4275270
177 2117168
1827 9368
87 1507977
87 196529
2352 13278
2528312 2528312
1380035 1380035
2609129 2609129
4523930 4523930
134170 134170
14835720 14835720
36244344 36244344
plan  139
531858 68834
5907 1030215
7851 276890
3954 242326
4152 713042
105373 2141
36244344 36244344
14835720 14835720
2528312 2528312
2609129 2609129
1380035 1380035
4523930 4523930
134170 134170
plan  140
2145 545064
1773 1084537
6135 2483991
85002 22616
384174 158388
13074 1498104
134170 134170
4523930 4523930
2528312 2528312
59994 59994
36244344 36244344
14835720 14835720
2609129 2609129
plan  141
6962427 50070
75891 1507977
30204 552415
19209 338141
19299 767665
233603 2161
36244344 36244344
14835720 14835720
2528312 2528312
1380035 1380035
2609129 2609129
4523930 4523930
59994 59994
plan  142
147231 12081448
1465680 38668
60750 806197
158028 43998
4803 776722
281160 2205
2528312 2528312
14835720 14835720
4523930 4523930
134170 134170
2609129 2609129
59994 59994
36244344 36244344
plan  143
248832 121173
116706 1230559
3018 11294412
100158 22858
59142 537220
46072 460012
2528312 2528312
1380035 1380035
2609129 2609129
59994 59994
36244344 36244344
4523930 4523930
134170 134170
plan  144
855765 23384
9294 1373321
3915 416873
4692 247593
5496 737816
299463 2011
36244344 36244344
14835720 14835720
2528312 2528312
1380035 1380035
2609129 2609129
4523930 4523930
134170 134170
plan  145
4488 378326
102 4223563
3 869710
3 798232
3 2204
1 371266
134170 134170
4523930 4523930
14835720 14835720
2528312 2528312
2609129 2609129
36244344 36244344
1380035 1380035
plan  146
26031 567848
53661 71943
1011 1507977
1011 753832
502017 75
2609129 2609129
18560 36345
59994 59994
14835720 14835720
2528312 2528312
4523930 4523930
134170 134170
36244344 36244344
plan  147
489249 134170
8277 599382
3057 347851
3225 751604
50283 2011
53803 92134
1380035 1380035
36244344 36244344
14835720 14835720
2528312 2528312
2609129 2609129
4523930 4523930
134170 134170
plan  148
111744 299463
5160 4061099
3117 59994
5244 92440
2493 601611
5971 83409
2528312 2528312
1380035 1380035
4523930 4523930
134170 134170
59994 59994
14835720 14835720
36244344 36244344
plan  149
20871 55237
1806 1410058
311112 1712
302253 441787
212484 455909
246096 257891
2528312 2528312
36244344 36244344
2609129 2609129
14835720 14835720
59994 59994
4523930 4523930
134170 134170
plan  150
145962 2984683
265686 62898
88563 457995
2931 845033
101271 59994
698785 2197
2609129 2609129
14835720 14835720
59994 59994
4523930 4523930
1380035 1380035
134170 134170
36244344 36244344
plan  151
11514 909648
882 847100
2820 44864
11049 281160
10062 215961
923 939608
134170 134170
4523930 4523930
1380035 1380035
2528312 2528312
59994 59994
2609129 2609129
36244344 36244344
plan  152
17268 845247
3948 46564
4956 112887
126711 49162
126711 842771
140516 19947
1380035 1380035
4523930 4523930
2528312 2528312
14835720 14835720
134170 134170
59994 59994
2609129 2609129
plan  153
75861129 38222
800307 1331376
58263 599284
18819 460012
21870 720287
494057 2197
36244344 36244344
14835720 14835720
2528312 2528312
1380035 1380035
2609129 2609129
4523930 4523930
59994 59994
plan  154
114753 18870
196008 84447
246474 567848
58521 544099
58521 842771
6085 83452
1380035 1380035
4523930 4523930
2528312 2528312
2609129 2609129
36244344 36244344
134170 134170
59994 59994
plan  155
378330 61221
114414 1266682
287172 257891
26298 1048105
81342 793476
512329 11344
1380035 1380035
59994 59994
2528312 2528312
4523930 4523930
36244344 36244344
14835720 14835720
134170 134170
plan  156
382128 94020
107652 9524574
153942 30642
49761 460012
6546 345315
795386 2204
2528312 2528312
14835720 14835720
4523930 4523930
1380035 1380035
59994 59994
36244344 36244344
134170 134170
plan  157
2448 10431438
5976 47527
36 1272073
12 200564
84 66672
2352 36345
2528312 2528312
14835720 14835720
2609129 2609129
1380035 1380035
4523930 4523930
134170 134170
36244344 36244344
plan  158
17778 10051077
22515 59994
45726 59183
1851 570415
1185 355105
122483 2053
2528312 2528312
14835720 14835720
1380035 1380035
4523930 4523930
134170 134170
59994 59994
36244344 36244344
plan  159
81672 43625
579 1201793
66 532482
36 317471
147 92134
92504 1446
2528312 2528312
14835720 14835720
36244344 36244344
1380035 1380035
2609129 2609129
4523930 4523930
134170 134170
plan  160
166968 130013
26574 2338955
701973 19402
174468 497027
276690 295292
294026 257891
2528312 2528312
36244344 36244344
1380035 1380035
4523930 4523930
59994 59994
14835720 14835720
134170 134170
plan  161
18291 3599628
2819253 50104
118548 856952
289452 49245
3678 1507977
628771 2053
2528312 2528312
14835720 14835720
4523930 4523930
134170 134170
2609129 2609129
59994 59994
36244344 36244344
plan  162
274029 567848
822612 52413
105990 704568
129906 267380
195144 233394
2528312 2528312
1380035 1380035
14835720 14835720
4523930 4523930
134170 134170
36244344 36244344
plan  163
181716 29934
12387 7348501
23451 78391
1518 235455
1518 842771
104038 5534
2609129 2609129
14835720 14835720
2528312 2528312
4523930 4523930
134170 134170
36244344 36244344
59994 59994
plan  164
118320 683482
43080 45718
175026 27904
47853 1507977
72414 257891
24974 773462
1380035 1380035
2528312 2528312
36244344 36244344
4523930 4523930
134170 134170
59994 59994
2609129 2609129
plan  165
3390 8103000
444 1735428
192 59994
147 289974
612 44439
15166 12473
2528312 2528312
4523930 4523930
134170 134170
1380035 1380035
59994 59994
14835720 14835720
36244344 36244344
plan  166
7314 12081448
37296 10436
4665 3373896
10674 155570
131202 93663
10597 433913
134170 134170
4523930 4523930
2528312 2528312
1380035 1380035
14835720 14835720
59994 59994
36244344 36244344
plan  167
18300 131028
22893 909648
69558 49523
2145 1507977
91560 46954
688806 2047
2609129 2609129
14835720 14835720
59994 59994
4523930 4523930
134170 134170
36244344 36244344
1380035 1380035
plan  168
10683 63807
330 999392
21 1037013
21 842771
9 84924
1 218620
134170 134170
4523930 4523930
2609129 2609129
2528312 2528312
36244344 36244344
14835720 14835720
1380035 1380035
plan  169
518271 114475
29025 8041584
130680 55838
13035 782191
3141 520687
63482 46688
2528312 2528312
14835720 14835720
4523930 4523930
2609129 2609129
59994 59994
36244344 36244344
134170 134170
plan  170
948 1756883
102 1336012
33 414140
3 360996
3 768650
1 1169726
134170 134170
4523930 4523930
2528312 2528312
2609129 2609129
1380035 1380035
36244344 36244344
14835720 14835720
plan  171
579 12081448
60 771903
6267 2706
189 854863
213 276774
83856 2145
2528312 2528312
14835720 14835720
1380035 1380035
4523930 4523930
134170 134170
2609129 2609129
36244344 36244344
plan  172
18990 1441006
18990 134170
147 862165
12 691967
6 298950
41855 624
2528312 2528312
14835720 14835720
1380035 1380035
2609129 2609129
4523930 4523930
134170 134170
36244344 36244344
plan  173
291345 44522
183657 1336012
29748 743674
5994 625940
3846 511303
2076 443030
2528312 2528312
1380035 1380035
14835720 14835720
4523930 4523930
2609129 2609129
36244344 36244344
59994 59994
plan  174
8922 4223563
18303 27112
2502 1454141
690 828063
387 445324
88938 5697
2528312 2528312
4523930 4523930
1380035 1380035
2609129 2609129
14835720 14835720
59994 59994
36244344 36244344
plan  175
3660 11870580
76866 18512
15054 609062
8163 377512
93792 13549
55471 944980
2528312 2528312
4523930 4523930
134170 134170
1380035 1380035
2609129 2609129
59994 59994
36244344 36244344
plan  176
6852 2326218
60582 25484
13035 1047032
16866 299463
12150 266753
49294 109520
2528312 2528312
2609129 2609129
1380035 1380035
36244344 36244344
4523930 4523930
59994 59994
14835720 14835720
plan  177
187641 24668
3867 585879
2814 195612
2070 196517
5928 158148
16497 105373
2528312 2528312
36244344 36244344
14835720 14835720
2609129 2609129
1380035 1380035
4523930 4523930
134170 134170
plan  178
321087 4223563
618633 47056
22242 2227795
197631 16506
24549 1507977
44610 245821
2528312 2528312
2609129 2609129
4523930 4523930
134170 134170
14835720 14835720
59994 59994
36244344 36244344
plan  179
59922 2483991
3981 23722
9783 67100
2262 1153123
1803 368511
17535 77701
2609129 2609129
2528312 2528312
1380035 1380035
4523930 4523930
134170 134170
59994 59994
36244344 36244344
plan  180
727944 79150
127584 870088
43053 371108
3753 4171847
285 11451188
40976 4467
59994 59994
2528312 2528312
36244344 36244344
14835720 14835720
1380035 1380035
4523930 4523930
134170 134170
plan  181
6138 11613363
36519 20054
2289 1507977
19482 171422
19956 753832
491412 1028
2609129 2609129
14835720 14835720
2528312 2528312
1380035 1380035
4523930 4523930
134170 134170
36244344 36244344
plan  182
6531 4793360
5811 567848
1989 460012
9969 22574
1467 1097743
3356 117348
2528312 2528312
2609129 2609129
4523930 4523930
134170 134170
1380035 1380035
36244344 36244344
14835720 14835720
plan  183
5463 356645
102 3134334
27 201412
27 798232
204 2053
1 1202455
134170 134170
4523930 4523930
14835720 14835720
2528312 2528312
2609129 2609129
36244344 36244344
1380035 1380035
plan  184
11844 525765
1104 2157438
3168 65890
1083 460012
141 274059
754 105373
59994 59994
36244344 36244344
4523930 4523930
1380035 1380035
134170 134170
14835720 14835720
2609129 2609129
plan  185
58911 35858
972 3123167
123 2213465
72 422788
6735 3002
2352 552289
2528312 2528312
4523930 4523930
134170 134170
1380035 1380035
36244344 36244344
14835720 14835720
59994 59994
plan  186
181749 1336012
2559792 59994
10808040 31183
107604 1415436
6612 522795
412271 2204
2528312 2528312
14835720 14835720
2609129 2609129
4523930 4523930
134170 134170
59994 59994
36244344 36244344
plan  187
1311 6284921
3030 71245
144 1165570
12 863133
3 452379
843 2170
2528312 2528312
14835720 14835720
1380035 1380035
2609129 2609129
4523930 4523930
134170 134170
36244344 36244344
plan  188
12549 4945240
13899 567848
7476 452688
22842 387981
15471 158810
1447 374786
134170 134170
4523930 4523930
1380035 1380035
2528312 2528312
2609129 2609129
36244344 36244344
14835720 14835720
plan  189
392547 47938
58122 468033
22359 460012
28131 364519
195345 122483
12890 752173
134170 134170
4523930 4523930
2528312 2528312
36244344 36244344
1380035 1380035
2609129 2609129
59994 59994
plan  190
25998 3114867
741555 32926
97311 1441006
16458 606313
6933 460012
4780 431653
2528312 2528312
4523930 4523930
1380035 1380035
2609129 2609129
36244344 36244344
59994 59994
14835720 14835720
plan  191
6168 4945240
281235 41876
122478 456148
124863 364519
658818 255091
21270 1218792
134170 134170
4523930 4523930
2528312 2528312
36244344 36244344
1380035 1380035
59994 59994
14835720 14835720
plan  192
299334 544824
26340 712405
27264 432996
9687 340858
1395 256254
5096 105373
59994 59994
36244344 36244344
4523930 4523930
1380035 1380035
14835720 14835720
2609129 2609129
2528312 2528312
plan  193
5958 1507977
760707 10766
254064 909648
80610 458902
81231 798232
359543 2207
2609129 2609129
14835720 14835720
2528312 2528312
1380035 1380035
36244344 36244344
59994 59994
4523930 4523930
plan  194
2748 559796
867 356113
4233 31712
162 390731
459 92134
89742 2161
2528312 2528312
14835720 14835720
36244344 36244344
4523930 4523930
134170 134170
1380035 1380035
2609129 2609129
plan  195
58593 1336012
56775 432996
29913 856332
251973 17480
494376 75487
259034 522618
2528312 2528312
4523930 4523930
134170 134170
59994 59994
2609129 2609129
14835720 14835720
36244344 36244344
plan  196
396 982726
462 122482
33 1390379
3 325924
9 221656
4662 4566
2528312 2528312
14835720 14835720
1380035 1380035
2609129 2609129
4523930 4523930
134170 134170
36244344 36244344
plan  197
2301972 257891
32181 469531
32247 772261
13104 453386
153624 28240
5333 1141996
134170 134170
4523930 4523930
59994 59994
2609129 2609129
2528312 2528312
14835720 14835720
36244344 36244344
plan  198
66816 363346
1044 8099653
36 36345
1 869710
6 50958
1 1443272
134170 134170
4523930 4523930
2528312 2528312
2609129 2609129
14835720 14835720
36244344 36244344
1380035 1380035
plan  199
3348 1441006
1206 292627
864 432996
7272 12645
654 341043
632 90318
2528312 2528312
2609129 2609129
4523930 4523930
134170 134170
14835720 14835720
1380035 1380035
36244344 36244344
plan  200
153 59994
48 604304
111 257891
375 35808
3030 177312
44827 46688
2528312 2528312
14835720 14835720
4523930 4523930
134170 134170
36244344 36244344
2609129 2609129
59994 59994
plan  201
79164 43834
106953 97106
17424 611303
7863 150786
18603 105373
44667 127149
2609129 2609129
2528312 2528312
36244344 36244344
1380035 1380035
4523930 4523930
134170 134170
59994 59994
plan  202
380364 58958
834795 54858
33000 1403260
13857 482179
9612 460012
46289 92134
2528312 2528312
36244344 36244344
1380035 1380035
2609129 2609129
4523930 4523930
134170 134170
59994 59994
plan  203
45 4339878
1 869710
150 3153
288 749255
1122 105373
9362 76798
1380035 1380035
2528312 2528312
36244344 36244344
4523930 4523930
134170 134170
2609129 2609129
14835720 14835720
plan  204
13131 3069386
2568 2806519
2313 714353
23547 14885
6468 1507977
8394 252594
1380035 1380035
2528312 2528312
4523930 4523930
134170 134170
2609129 2609129
36244344 36244344
14835720 14835720
plan  205
30483 460012
1812 2483991
153 492522
192 702370
1575 2091
1 298107
134170 134170
4523930 4523930
14835720 14835720
2528312 2528312
2609129 2609129
36244344 36244344
1380035 1380035
plan  206
1422 12081448
18 1330393
3 492745
1 250521
1 798224
1 1196447
134170 134170
4523930 4523930
2528312 2528312
1380035 1380035
2609129 2609129
14835720 14835720
36244344 36244344
plan  207
378 2241862
9 1441006
3 481760
1 367024
3 590177
1 454278
134170 134170
4523930 4523930
2528312 2528312
1380035 1380035
2609129 2609129
36244344 36244344
14835720 14835720
plan  208
4560 4641228
1521 460012
111 570269
1059 14344
684 68101
93663 2192
2528312 2528312
14835720 14835720
4523930 4523930
134170 134170
2609129 2609129
1380035 1380035
36244344 36244344
plan  209
48192 36670
19143 772878
25455 98514
28776 567848
9633 452064
40015 73315
2528312 2528312
1380035 1380035
4523930 4523930
36244344 36244344
134170 134170
2609129 2609129
59994 59994
plan  210
2677158 26725
79722 1236490
31581 499789
18798 467301
98786 105373
2528312 2528312
36244344 36244344
14835720 14835720
2609129 2609129
4523930 4523930
134170 134170
plan  211
38826 531880
17478 2483991
28692 86043
2688 1320626
47301 45558
49045 460012
2528312 2528312
1380035 1380035
59994 59994
4523930 4523930
134170 134170
36244344 36244344
2609129 2609129
plan  212
31479 2252426
89025 53678
9129 1507977
5076 627736
5526 773462
12132 257891
59994 59994
36244344 36244344
2528312 2528312
2609129 2609129
4523930 4523930
134170 134170
14835720 14835720
plan  213
24390 120276
1650 932408
549 229251
549 842771
513833 210
2609129 2609129
22544 49162
59994 59994
14835720 14835720
2528312 2528312
1380035 1380035
4523930 4523930
134170 134170
plan  214
48390 2483991
174264 23714
7584 2190241
174783 7595
36351 1507977
47385 347255
2528312 2528312
1380035 1380035
4523930 4523930
134170 134170
14835720 14835720
59994 59994
36244344 36244344
plan  215
716352 84921
15006 5966503
576 4798250
14580 1316
4149 1507977
40270 80473
1380035 1380035
2528312 2528312
4523930 4523930
59994 59994
14835720 14835720
36244344 36244344
134170 134170
plan  216
6987 909648
2004 719787
11697 493818
12219 798230
5415 247792
769 211441
134170 134170
4523930 4523930
1380035 1380035
2528312 2528312
14835720 14835720
2609129 2609129
36244344 36244344
plan  217
3063 2466578
112512 59994
2648253 5101
70422 1065052
71091 776805
603858 2207
2609129 2609129
14835720 14835720
2528312 2528312
4523930 4523930
134170 134170
59994 59994
36244344 36244344
plan  218
2401377 20830
160194 1507977
13341 950951
2751 631606
4734 583736
21760 92134
59994 59994
36244344 36244344
2528312 2528312
2609129 2609129
14835720 14835720
4523930 4523930
134170 134170
plan  219
34074 12081448
296484 49476
134940 441501
47028 443507
5772 439433
297946 5362
2528312 2528312
14835720 14835720
4523930 4523930
1380035 1380035
2609129 2609129
59994 59994
36244344 36244344
plan  220
67590 618390
59724 429643
59796 760559
20088 460012
15627 33014
5444 110018
134170 134170
4523930 4523930
59994 59994
1380035 1380035
2528312 2528312
14835720 14835720
2609129 2609129
plan  221
233571 1336012
7728 869710
28731 30824
1986 691042
1320 345664
85450 6068
2528312 2528312
14835720 14835720
1380035 1380035
4523930 4523930
134170 134170
2609129 2609129
36244344 36244344
plan  222
2226 1812475
822 909648
264 375878
166890 247728
268776 523152
30158 408327
134170 134170
4523930 4523930
2528312 2528312
1380035 1380035
2609129 2609129
36244344 36244344
14835720 14835720
plan  223
56466 49860
69984 473900
183057 56296
3732 455329
3732 842771
108940 1859
2609129 2609129
14835720 14835720
2528312 2528312
4523930 4523930
134170 134170
36244344 36244344
59994 59994
plan  224
24159 2515174
21612 2483991
395670 13982
175536 571440
479223 387981
25107 958886
134170 134170
4523930 4523930
2528312 2528312
2609129 2609129
59994 59994
36244344 36244344
14835720 14835720
plan  225
898140 66147
46110 6651108
6582 868442
786 1507977
20268 12940
57983 189123
2528312 2528312
1380035 1380035
59994 59994
4523930 4523930
2609129 2609129
36244344 36244344
134170 134170
plan  226
117852 65681
12798 1507977
906 4248656
31437 17152
33012 567848
85450 247842
2528312 2528312
1380035 1380035
36244344 36244344
59994 59994
14835720 14835720
4523930 4523930
134170 134170
plan  227
23442 703710
3942 2593383
5280 109400
588 1204983
29847 9016
44546 307339
2528312 2528312
1380035 1380035
59994 59994
4523930 4523930
134170 134170
36244344 36244344
2609129 2609129
plan  228
469395 128984
180717 909648
10701 424538
4617 407593
13614 561611
447345 2195
2609129 2609129
14835720 14835720
2528312 2528312
1380035 1380035
4523930 4523930
36244344 36244344
134170 134170
plan  229
13806 45622
2418 2700500
2493 749673
54861 4959
17688 304853
16441 105373
1380035 1380035
36244344 36244344
4523930 4523930
134170 134170
2528312 2528312
14835720 14835720
59994 59994
plan  230
34902 4223563
34902 134170
6462 1122781
6198 47600
3936 402033
6498 145560
2528312 2528312
2609129 2609129
1380035 1380035
59994 59994
4523930 4523930
134170 134170
36244344 36244344
plan  231
4443 6148983
1097622 12958
1634139 83355
13404 554169
13839 702370
151229 6071
2609129 2609129
14835720 14835720
2528312 2528312
4523930 4523930
134170 134170
59994 59994
36244344 36244344
plan  232
1557 4945240
9570 50870
4902 701774
7614 91834
7164 313337
19130 105373
2528312 2528312
36244344 36244344
4523930 4523930
134170 134170
2609129 2609129
59994 59994
14835720 14835720
plan  233
147126 102476
38604 1336012
1165323 1374
148077 877464
107526 383012
76650 410102
1380035 1380035
2528312 2528312
2609129 2609129
4523930 4523930
59994 59994
36244344 36244344
134170 134170
plan  234
91410 105537
155364 2483991
402711 37034
28125 1457508
12114 869710
9775 258050
2528312 2528312
1380035 1380035
2609129 2609129
4523930 4523930
59994 59994
36244344 36244344
134170 134170
plan  235
840 8360
84 639170
205734 475
205734 842770
117387 276756
99207 55306
134170 134170
4523930 4523930
1380035 1380035
2528312 2528312
14835720 14835720
2609129 2609129
59994 59994
plan  236
468 4945240
36 4802877
3 728965
3 424433
6 483440
1 867009
134170 134170
4523930 4523930
2528312 2528312
1380035 1380035
2609129 2609129
36244344 36244344
14835720 14835720
plan  237
513 3940449
9 1441006
9 300363
6 286446
6 842771
1 1416509
134170 134170
4523930 4523930
2528312 2528312
2609129 2609129
1380035 1380035
36244344 36244344
14835720 14835720
plan  238
144573 59994
48192 446922
124308 57966
55641 352430
55971 793725
553357 2198
2609129 2609129
14835720 14835720
2528312 2528312
4523930 4523930
134170 134170
1380035 1380035
59994 59994
plan  239
24228 1441006
9060 603177
3117 274417
3117 842771
301107 3146
10115 1042825
134170 134170
4523930 4523930
59994 59994
2528312 2528312
1380035 1380035
2609129 2609129
36244344 36244344
plan  240
24969 12081448
2370 2230974
588 763613
1131 63158
366 1039337
2873 334140
2528312 2528312
1380035 1380035
4523930 4523930
134170 134170
2609129 2609129
14835720 14835720
36244344 36244344
plan  241
744 14278
87 721007
291 47881
690 268414
2268 218662
105373 1599
36244344 36244344
14835720 14835720
2528312 2528312
4523930 4523930
134170 134170
2609129 2609129
59994 59994
plan  242
4059 7528522
267 1576999
90 420821
27 777604
33 144623
1 733206
134170 134170
4523930 4523930
2528312 2528312
2609129 2609129
1380035 1380035
14835720 14835720
36244344 36244344
plan  243
61890 1336012
188928 39540
1146 1433100
35019 212076
35019 842771
183259 12328
2609129 2609129
14835720 14835720
2528312 2528312
1380035 1380035
4523930 4523930
134170 134170
36244344 36244344
plan  244
16494 119173
2949 2281347
277059 44464
14349 1217481
5904 869710
5971 299463
2528312 2528312
36244344 36244344
2609129 2609129
4523930 4523930
59994 59994
14835720 14835720
134170 134170
plan  245
46434 8397909
442554 59994
590343 100380
11457 1002128
4425 420371
656715 2197
2528312 2528312
14835720 14835720
1380035 1380035
4523930 4523930
134170 134170
59994 59994
36244344 36244344
plan  246
3240 2690096
3039 567848
47094 8036
4662 1507977
3285 138530
29257 53550
1380035 1380035
2528312 2528312
2609129 2609129
4523930 4523930
134170 134170
36244344 36244344
14835720 14835720
plan  247
230904 2483991
1115394 47018
7711170 17352
126363 1295529
66573 387659
790712 22675
2528312 2528312
14835720 14835720
1380035 1380035
4523930 4523930
134170 134170
59994 59994
36244344 36244344
plan  248
50448 909648
444 59994
61698 2170
61698 842770
248280 38873
51124 37592
1380035 1380035
4523930 4523930
134170 134170
2528312 2528312
14835720 14835720
59994 59994
36244344 36244344
plan  249
2073 4583671
186 2483991
63 460012
12 224662
12 797554
1 1362941
134170 134170
4523930 4523930
2528312 2528312
2609129 2609129
1380035 1380035
36244344 36244344
14835720 14835720
plan  250
6966 9170127
1323 869710
9147 579735
44319 21638
16329 614890
84648 156890
2528312 2528312
1380035 1380035
4523930 4523930
134170 134170
14835720 14835720
2609129 2609129
36244344 36244344
plan  251
22230 4138332
57954 59707
876 1507977
291 458932
360 176164
639 60037
2528312 2528312
14835720 14835720
2609129 2609129
1380035 1380035
4523930 4523930
134170 134170
36244344 36244344
plan  252
117195 1336012
1159092 59994
1765068 81043
25122 1051415
41793 656715
421764 841
2609129 2609129
14835720 14835720
2528312 2528312
4523930 4523930
134170 134170
59994 59994
36244344 36244344
plan  253
560676 1336012
703062 108014
25779 1507977
828 59156
828 773462
87024 2207
2609129 2609129
14835720 14835720
2528312 2528312
59994 59994
4523930 4523930
134170 134170
36244344 36244344
plan  254
22440 8364253
80130 39278
133698 87540
7341 1045292
2658 460012
86243 17121
2528312 2528312
14835720 14835720
1380035 1380035
4523930 4523930
134170 134170
59994 59994
36244344 36244344
plan  255
439248 104209
308511 4223563
6152049 21998
61044 1507977
61491 794834
306257 2207
2609129 2609129
14835720 14835720
2528312 2528312
4523930 4523930
59994 59994
36244344 36244344
134170 134170
plan  256
93585 132822
1413 1507977
111 482791
132 364519
717 202945
94302 2197
2528312 2528312
14835720 14835720
1380035 1380035
36244344 36244344
2609129 2609129
4523930 4523930
134170 134170
plan  257
324696 4223563
8406 57774
693309 1859
192615 485189
100764 155774
19865 188148
134170 134170
4523930 4523930
1380035 1380035
2609129 2609129
14835720 14835720
59994 59994
36244344 36244344
plan  258
11985 2483991
11985 134170
2034 770226
4434 311407
1944 272806
44538 20376
2528312 2528312
14835720 14835720
4523930 4523930
1380035 1380035
2609129 2609129
134170 134170
36244344 36244344
plan  259
11175 4935914
13245 109349
9438 4223563
32103 12144
29463 597917
79565 257306
2528312 2528312
4523930 4523930
2609129 2609129
59994 59994
36244344 36244344
134170 134170
14835720 14835720
plan  260
1233156 44944
1837623 83847
45771 1435137
18663 307500
14229 307241
41855 92134
2528312 2528312
36244344 36244344
2609129 2609129
1380035 1380035
4523930 4523930
134170 134170
59994 59994
plan  261
351870 32498
3927 1440689
4197 299463
2115 225352
1653 199486
4688 78454
2528312 2528312
1380035 1380035
14835720 14835720
2609129 2609129
36244344 36244344
4523930 4523930
134170 134170
plan  262
95742 4007877
1423323 38256
6499191 26191
118218 951672
118218 842771
819347 2207
2609129 2609129
14835720 14835720
2528312 2528312
4523930 4523930
134170 134170
59994 59994
36244344 36244344
plan  263
6084 59994
735 1228168
5793 299463
1935 251383
1227 122739
12649 30666
2528312 2528312
2609129 2609129
14835720 14835720
1380035 1380035
36244344 36244344
4523930 4523930
59994 59994
plan  264
14400 12081448
750 3925687
3723 29929
531 1295987
4167 297993
2873 297859
2528312 2528312
2609129 2609129
1380035 1380035
4523930 4523930
134170 134170
14835720 14835720
36244344 36244344
plan  265
68724 2488728
694944 45782
4414218 18026
45264 1297627
45264 842771
283777 1859
2609129 2609129
14835720 14835720
2528312 2528312
4523930 4523930
134170 134170
59994 59994
36244344 36244344
plan  266
5040 127418
246 1192824
9468 12288
3396 909648
1959 455222
44827 20376
2528312 2528312
14835720 14835720
1380035 1380035
36244344 36244344
59994 59994
4523930 4523930
134170 134170
plan  267
1536 12081448
6 842313
3 394693
1 397562
1 798230
1 1090721
134170 134170
4523930 4523930
2528312 2528312
2609129 2609129
1380035 1380035
14835720 14835720
36244344 36244344
plan  268
389064 121660
25464 3448738
64194 39586
17343 1507977
39933 105373
63144 215076
1380035 1380035
2528312 2528312
36244344 36244344
4523930 4523930
59994 59994
14835720 14835720
134170 134170
plan  269
1854 401915
3837 66175
6951 295701
12981 109619
69501 105373
77422 209220
1380035 1380035
2528312 2528312
36244344 36244344
14835720 14835720
4523930 4523930
134170 134170
2609129 2609129
plan  270
115104 5333458
143880 109349
9591 1507977
10776 58758
858 558117
102716 2047
2528312 2528312
14835720 14835720
2609129 2609129
59994 59994
4523930 4523930
134170 134170
36244344 36244344
plan  271
66300 432774
2130 4756279
741 312793
1524 567848
217788 5822
7865 1507977
134170 134170
4523930 4523930
59994 59994
36244344 36244344
1380035 1380035
14835720 14835720
2609129 2609129
plan  272
189525 9705245
5312031 32042
8564496 77501
104787 1250262
105462 798228
419842 2179
2609129 2609129
14835720 14835720
2528312 2528312
4523930 4523930
134170 134170
59994 59994
36244344 36244344
plan  273
115566 777119
148155 43654
272349 66516
7332 1238691
4884 348513
364519 1446
36244344 36244344
14835720 14835720
1380035 1380035
4523930 4523930
134170 134170
59994 59994
2609129 2609129
plan  274
264924 43484
999210 41315
13071 1507977
19707 381200
46161 583736
523761 2197
2609129 2609129
14835720 14835720
2528312 2528312
1380035 1380035
4523930 4523930
134170 134170
59994 59994
plan  275
4416 865518
5586 51922
119778 2141
128271 730042
74832 237612
10824 309820
134170 134170
4523930 4523930
1380035 1380035
2528312 2528312
14835720 14835720
59994 59994
2609129 2609129
plan  276
128100 127953
8100 1451910
31197 28986
10335 683813
15129 432996
49045 144144
2528312 2528312
1380035 1380035
14835720 14835720
2609129 2609129
59994 59994
4523930 4523930
134170 134170
plan  277
17874 869710
96 49360
108 124477
12 695951
4578 46688
42455 44543
1380035 1380035
2528312 2528312
14835720 14835720
4523930 4523930
134170 134170
59994 59994
2609129 2609129
plan  278
173922 94906
57084 373893
11286 319016
11286 842769
6564 143162
257891 2205
36244344 36244344
14835720 14835720
1380035 1380035
2528312 2528312
2609129 2609129
4523930 4523930
134170 134170
plan  279
70227 494608
442029 2483991
5781 4213760
17910 39346
36834 58212
63482 312134
2528312 2528312
4523930 4523930
134170 134170
59994 59994
14835720 14835720
36244344 36244344
2609129 2609129
plan  280
2469 6376063
1260 498700
4566 33267
384 730269
270 108977
93663 624
2528312 2528312
14835720 14835720
1380035 1380035
4523930 4523930
134170 134170
2609129 2609129
36244344 36244344
plan  281
2529 4945240
879 909648
315 424957
8613 243735
61908 20082
35386 444593
2528312 2528312
4523930 4523930
134170 134170
2609129 2609129
1380035 1380035
36244344 36244344
14835720 14835720
plan  282
55413 10518258
305550 58838
467664 81135
61683 773945
62658 772261
578940 2145
2609129 2609129
14835720 14835720
2528312 2528312
4523930 4523930
134170 134170
59994 59994
36244344 36244344
plan  283
923322 77162
27468 795724
8928 327084
4275 252724
4275 454790
105373 2207
36244344 36244344
14835720 14835720
2528312 2528312
2609129 2609129
1380035 1380035
4523930 4523930
134170 134170
plan  284
69078 1336012
892200 49632
1746240 62865
121386 921630
59184 450718
798232 20376
2528312 2528312
14835720 14835720
1380035 1380035
4523930 4523930
134170 134170
59994 59994
36244344 36244344
plan  285
2925 869710
458628 1700
918624 59170
87135 1252921
67971 467301
209220 105373
2528312 2528312
36244344 36244344
14835720 14835720
4523930 4523930
134170 134170
59994 59994
2609129 2609129
plan  286
351 4945240
117 397850
12 1336012
3 723694
3 107307
1 701296
134170 134170
4523930 4523930
2528312 2528312
2609129 2609129
36244344 36244344
1380035 1380035
14835720 14835720
plan  287
275922 3817022
991938 59994
2453943 46170
68991 494947
69498 781915
328000 2207
2609129 2609129
14835720 14835720
2528312 2528312
4523930 4523930
134170 134170
59994 59994
36244344 36244344
plan  288
303219 4223563
2986698 35840
121242 869710
227928 78494
6420 829552
763206 2193
2528312 2528312
14835720 14835720
4523930 4523930
134170 134170
2609129 2609129
59994 59994
36244344 36244344
plan  289
520266 60386
5346 1394805
2943 400935
2157 364519
2157 842771
203015 481
2609129 2609129
14835720 14835720
2528312 2528312
36244344 36244344
1380035 1380035
4523930 4523930
134170 134170
plan  290
10524 10982303
3120 1496856
1134 44180
852 189722
2940 41622
6294 130786
2528312 2528312
4523930 4523930
134170 134170
1380035 1380035
59994 59994
14835720 14835720
36244344 36244344
plan  291
47556 909648
46584 429643
46584 842771
15840 345159
420132 10134
26940 765583
134170 134170
4523930 4523930
59994 59994
1380035 1380035
2528312 2528312
14835720 14835720
36244344 36244344
plan  292
10065 2401953
9846 1336012
9846 134170
5250 398060
2754 398210
792 356748
2528312 2528312
2609129 2609129
1380035 1380035
4523930 4523930
134170 134170
36244344 36244344
14835720 14835720
plan  293
8181 3662345
7401 567848
2601 460012
1617 338915
7722 28491
4610 477034
2528312 2528312
4523930 4523930
134170 134170
2609129 2609129
1380035 1380035
36244344 36244344
14835720 14835720
plan  294
170679 842771
20970 311028
37749 75623
1803 1404964
83106 38262
92134 75082
36244344 36244344
14835720 14835720
59994 59994
4523930 4523930
134170 134170
2609129 2609129
2528312 2528312
plan  295
244578 943377
29856 869710
11004 440300
276108 7288
643095 331516
59833 540009
134170 134170
4523930 4523930
2528312 2528312
59994 59994
1380035 1380035
2609129 2609129
14835720 14835720
plan  296
434442 12538
18879 869710
67992 44014
4821 743621
4884 774922
364519 1446
36244344 36244344
14835720 14835720
2528312 2528312
4523930 4523930
134170 134170
2609129 2609129
59994 59994
plan  297
6054 6428996
100851 45976
16461 869465
17559 429643
204534 92504
13286 782555
134170 134170
4523930 4523930
2528312 2528312
14835720 14835720
2609129 2609129
59994 59994
36244344 36244344
plan  298
29367 32232
17925 4547602
711 620716
75 437686
1092 109031
153778 841
2528312 2528312
14835720 14835720
1380035 1380035
2609129 2609129
4523930 4523930
36244344 36244344
59994 59994
plan  299
96486 134170
7800 3834273
96552 49476
37443 1336012
6816 899581
4779 282783
2528312 2528312
1380035 1380035
4523930 4523930
36244344 36244344
59994 59994
14835720 14835720
134170 134170
plan  300
21906 4223563
63792 29886
249375 35723
27582 1342872
24510 260600
86243 152773
2528312 2528312
2609129 2609129
1380035 1380035
4523930 4523930
134170 134170
59994 59994
36244344 36244344
plan  301
81474 1336012
1110 53048
145773 2204
88911 683498
268203 37231
26606 267868
1380035 1380035
4523930 4523930
134170 134170
2609129 2609129
14835720 14835720
59994 59994
36244344 36244344
plan  302
4770 2472168
3366 824628
6003 67677
2187 1039970
2415 567848
24066 50958
1380035 1380035
2528312 2528312
36244344 36244344
4523930 4523930
134170 134170
2609129 2609129
14835720 14835720
plan  303
19353 332455
1335 2368247
441 1656311
441 134170
363 1098764
26520 21935
59994 59994
2528312 2528312
4523930 4523930
134170 134170
14835720 14835720
36244344 36244344
1380035 1380035
plan  304
1800 1441006
382932 21400
67242 832119
405960 25035
48789 1357553
104954 248848
2528312 2528312
1380035 1380035
4523930 4523930
134170 134170
14835720 14835720
59994 59994
36244344 36244344
plan  305
873 1339386
1086 87765
180 228993
24 158806
90792 10060
43637 561611
1380035 1380035
2528312 2528312
14835720 14835720
4523930 4523930
2609129 2609129
134170 134170
36244344 36244344
plan  306
19674 6846611
91680 47592
29565 460012
212055 15258
5484 917541
772261 1859
2528312 2528312
14835720 14835720
4523930 4523930
134170 134170
1380035 1380035
59994 59994
36244344 36244344
plan  307
5196 12081448
116427 2476
115293 432996
59301 400794
136857 66380
215076 182105
2528312 2528312
4523930 4523930
134170 134170
2609129 2609129
14835720 14835720
59994 59994
36244344 36244344
plan  308
2886 2526433
633 545907
3144 28870
135 1160823
120 305848
38934 1028
2528312 2528312
14835720 14835720
1380035 1380035
4523930 4523930
134170 134170
2609129 2609129
36244344 36244344
plan  309
7494 8012477
528 504305
198 359915
2181 12740
435 880733
4838 25042
2528312 2528312
2609129 2609129
4523930 4523930
134170 134170
1380035 1380035
14835720 14835720
36244344 36244344
plan  310
1093626 427352
364947 337134
1182549 27079
57261 1439449
177972 59994
183973 92134
2609129 2609129
36244344 36244344
59994 59994
4523930 4523930
134170 134170
1380035 1380035
14835720 14835720
plan  311
438330 100868
28272 1507977
20223 34670
8970 469156
21435 192550
119041 92134
2528312 2528312
36244344 36244344
1380035 1380035
2609129 2609129
59994 59994
4523930 4523930
134170 134170
plan  312
5175 1336012
12918 50684
717 809548
204 268977
27312 128623
144623 46688
2528312 2528312
14835720 14835720
1380035 1380035
2609129 2609129
4523930 4523930
134170 134170
36244344 36244344
plan  313
34080 131938
1920 377114
240 1336012
399 778090
267 692785
8830 89742
59994 59994
2528312 2528312
2609129 2609129
14835720 14835720
36244344 36244344
4523930 4523930
134170 134170
plan  314
136653 10193708
133467 31546
309468 72933
6102 1507977
6102 747722
134474 2207
2609129 2609129
14835720 14835720
2528312 2528312
4523930 4523930
134170 134170
59994 59994
36244344 36244344
plan  315
148326 451280
204984 96299
5568 397247
1062 216685
4554 190620
92134 2115
36244344 36244344
14835720 14835720
2528312 2528312
2609129 2609129
4523930 4523930
134170 134170
1380035 1380035
plan  316
1116 36268
822 948775
948 114179
54 1060674
123954 2179
47967 656715
1380035 1380035
2528312 2528312
14835720 14835720
4523930 4523930
134170 134170
36244344 36244344
59994 59994
plan  317
1043073 18184
1694370 76548
167541 889593
53172 460012
53505 781915
546869 2204
2609129 2609129
14835720 14835720
2528312 2528312
1380035 1380035
4523930 4523930
134170 134170
59994 59994
plan  318
2880 9536901
7653 59994
825 449533
5970 20223
393 908578
45736 5362
2528312 2528312
14835720 14835720
4523930 4523930
134170 134170
2609129 2609129
59994 59994
36244344 36244344
plan  319
2733 4945240
74817 39650
17364 544739
51297 39683
35079 809171
44538 299463
2528312 2528312
36244344 36244344
4523930 4523930
134170 134170
2609129 2609129
59994 59994
14835720 14835720
plan  320
9588 909648
40752 12634
69183 76534
16557 602652
15267 524685
72965 145269
2528312 2528312
1380035 1380035
2609129 2609129
4523930 4523930
134170 134170
59994 59994
36244344 36244344
plan  321
10053 6288648
258987 52460
2264934 12780
23655 1507977
23802 798232
482716 2053
2609129 2609129
14835720 14835720
2528312 2528312
4523930 4523930
134170 134170
59994 59994
36244344 36244344
plan  322
80034 909648
9486 523374
3228 430654
45618 8272
5622 503023
112729 5534
2528312 2528312
14835720 14835720
4523930 4523930
134170 134170
1380035 1380035
2609129 2609129
36244344 36244344
plan  323
63564 7748181
234894 43044
78297 359993
2538 945853
120312 46766
786657 2207
2609129 2609129
14835720 14835720
59994 59994
4523930 4523930
1380035 1380035
134170 134170
36244344 36244344
plan  324
61878 134170
1320 1389684
105 464907
3639 180651
4749 652150
92134 2197
36244344 36244344
14835720 14835720
2528312 2528312
1380035 1380035
2609129 2609129
4523930 4523930
134170 134170
plan  325
7488 4793367
265932 43456
627510 62620
15414 1474596
10821 460012
252594 40621
2528312 2528312
14835720 14835720
1380035 1380035
4523930 4523930
134170 134170
59994 59994
36244344 36244344
plan  326
535392 85279
1017612 634913
32802 467475
320139 21600
107562 453464
491667 2207
2609129 2609129
14835720 14835720
1380035 1380035
59994 59994
4523930 4523930
36244344 36244344
134170 134170
plan  327
5304 4692013
16104 54830
1728 1030202
27450 431188
32016 643076
13386 140402
59994 59994
1380035 1380035
2528312 2528312
2609129 2609129
4523930 4523930
134170 134170
36244344 36244344
plan  328
288 4681812
288 125507
6 6494616
3 203365
1 403938
1 842771
4523930 4523930
2528312 2528312
2609129 2609129
1380035 1380035
36244344 36244344
134170 134170
14835720 14835720
plan  329
32544 4308132
45771 4223563
4113 869710
4299 127888
543 576511
15484 93663
59994 59994
2528312 2528312
4523930 4523930
134170 134170
2609129 2609129
36244344 36244344
14835720 14835720
plan  330
2886 4945240
26196 23374
16251 748134
63756 36473
32115 636989
75214 161667
2528312 2528312
1380035 1380035
4523930 4523930
134170 134170
2609129 2609129
59994 59994
14835720 14835720
plan  331
690 869710
690 364519
1140 79660
9219 316148
141168 6068
61744 679738
1380035 1380035
2528312 2528312
14835720 14835720
4523930 4523930
134170 134170
36244344 36244344
2609129 2609129
plan  332
349956 116474
108240 909648
118857 52662
47196 810607
17256 758908
91167 165024
2528312 2528312
1380035 1380035
4523930 4523930
2609129 2609129
59994 59994
36244344 36244344
134170 134170
plan  333
213636 257891
3252 2737043
1089 94746
399 698103
16440 18542
1096 1507977
134170 134170
4523930 4523930
59994 59994
2609129 2609129
1380035 1380035
14835720 14835720
36244344 36244344
plan  334
624 7600097
48 759479
462 12947
3 1345113
15 195996
48711 475
2528312 2528312
14835720 14835720
1380035 1380035
4523930 4523930
134170 134170
2609129 2609129
36244344 36244344
plan  335
280509 48616
20913 740142
8259 460012
6879 441787
58425 16719
20397 676282
2528312 2528312
4523930 4523930
134170 134170
14835720 14835720
1380035 1380035
2609129 2609129
59994 59994
plan  336
9936 10739969
106725 18434
34371 460012
152424 26346
6570 594118
842769 2190
2528312 2528312
14835720 14835720
4523930 4523930
134170 134170
1380035 1380035
59994 59994
36244344 36244344
plan  337
31758 60231
1356 1507977
153 712130
1965 158921
2658 723730
364519 841
36244344 36244344
14835720 14835720
2528312 2528312
1380035 1380035
2609129 2609129
4523930 4523930
134170 134170
plan  338
26025 1517719
760599 3574
1901094 47006
25623 1494474
25623 842771
652635 1446
2609129 2609129
14835720 14835720
2528312 2528312
4523930 4523930
134170 134170
59994 59994
36244344 36244344
plan  339
4107 11676568
4293 126764
363 1244658
201 498985
189 429643
2626 264136
2528312 2528312
1380035 1380035
14835720 14835720
2609129 2609129
4523930 4523930
134170 134170
36244344 36244344
plan  340
58272 10749383
3048165 59994
4826151 78147
87798 1107841
88539 793476
664962 2205
2609129 2609129
14835720 14835720
2528312 2528312
4523930 4523930
134170 134170
59994 59994
36244344 36244344
plan  341
29472 8894336
48138 59994
83292 84917
1437 1238717
1200 302243
115843 2198
2528312 2528312
14835720 14835720
1380035 1380035
4523930 4523930
134170 134170
59994 59994
36244344 36244344
plan  342
194082 4223563
64695 460012
66855 124341
2013 1235275
116814 38324
822047 2141
2609129 2609129
14835720 14835720
59994 59994
4523930 4523930
134170 134170
1380035 1380035
36244344 36244344
plan  343
30450 12081448
407364 23186
1111161 42247
15582 1299186
5829 425175
319619 2145
2528312 2528312
14835720 14835720
1380035 1380035
4523930 4523930
134170 134170
59994 59994
36244344 36244344
plan  344
3471 653601
381 461610
327 429643
327 767665
141219 108492
15387 344869
134170 134170
4523930 4523930
1380035 1380035
2528312 2528312
14835720 14835720
36244344 36244344
2609129 2609129
plan  345
646146 91059
893265 874937
141918 702580
51027 140180
51027 842771
551099 2053
2609129 2609129
14835720 14835720
2528312 2528312
1380035 1380035
36244344 36244344
4523930 4523930
134170 134170
plan  346
115653 123413
58581 2483991
48882 32506
1305 825347
1305 842771
114788 36345
2609129 2609129
14835720 14835720
2528312 2528312
4523930 4523930
59994 59994
36244344 36244344
134170 134170
plan  347
66999 2205267
130371 80905
3357 1507977
22062 176275
22491 795913
491038 3207
2609129 2609129
14835720 14835720
2528312 2528312
1380035 1380035
4523930 4523930
134170 134170
36244344 36244344
plan  348
378 10687802
27 4945240
9 420670
6 376023
42 239801
1 436623
134170 134170
4523930 4523930
2528312 2528312
2609129 2609129
1380035 1380035
14835720 14835720
36244344 36244344
plan  349
528 4945240
33 2539872
3 606148
1 402747
1 798196
1 606545
134170 134170
4523930 4523930
2528312 2528312
1380035 1380035
2609129 2609129
36244344 36244344
14835720 14835720
plan  350
390 11829130
390 134170
129 291369
9 3081154
1 788325
1 761386
4523930 4523930
2528312 2528312
2609129 2609129
14835720 14835720
1380035 1380035
134170 134170
36244344 36244344
plan  351
13926 86437
297 916234
69 467301
54 406600
4521 364519
1882 224064
2528312 2528312
2609129 2609129
36244344 36244344
1380035 1380035
14835720 14835720
4523930 4523930
134170 134170
plan  352
100017 134170
33339 246791
3240 176035
35973 158090
44634 608941
105373 22675
36244344 36244344
14835720 14835720
2528312 2528312
4523930 4523930
2609129 2609129
1380035 1380035
134170 134170
plan  353
1029 2041075
1260 119019
24 1217152
9 460012
2538 257891
2512 246178
2528312 2528312
2609129 2609129
36244344 36244344
1380035 1380035
4523930 4523930
134170 134170
14835720 14835720
plan  354
57492 364519
24516 792893
26160 798230
10626 457807
46716 59994
4977 580632
134170 134170
4523930 4523930
59994 59994
1380035 1380035
2528312 2528312
2609129 2609129
36244344 36244344
plan  355
553500 110311
51606 834748
6738 3093007
89370 10410
57663 485113
72965 460012
2528312 2528312
1380035 1380035
4523930 4523930
59994 59994
36244344 36244344
2609129 2609129
134170 134170
plan  356
2853 4945240
13524 55079
2337 1488523
387 607020
429 768650
1284 257891
59994 59994
36244344 36244344
2528312 2528312
2609129 2609129
4523930 4523930
134170 134170
14835720 14835720
plan  357
66576 124642
51780 1441006
5070 19468
225 489209
225243 2147
68339 479020
1380035 1380035
2609129 2609129
14835720 14835720
4523930 4523930
59994 59994
36244344 36244344
134170 134170
plan  358
240243 15255
42192 1398273
36480 445715
35127 364519
12078 793725
1380035 1380035
2528312 2528312
36244344 36244344
2609129 2609129
4523930 4523930
134170 134170
plan  359
26556 2648452
2583 13380
861 460012
1029 112638
77925 65279
635541 2207
2609129 2609129
14835720 14835720
4523930 4523930
134170 134170
1380035 1380035
59994 59994
36244344 36244344
plan  360
435 869710
6978 8117
84 920563
36 206256
66 105373
44538 2207
2528312 2528312
14835720 14835720
36244344 36244344
1380035 1380035
4523930 4523930
134170 134170
2609129 2609129
plan  361
6426 6027776
528 869710
723 90312
24 588389
24 296845
44538 841
2528312 2528312
14835720 14835720
1380035 1380035
4523930 4523930
134170 134170
2609129 2609129
36244344 36244344
plan  362
499935 112705
199791 3270960
3960444 49484
40113 1507977
2037 862976
569332 2141
2528312 2528312
14835720 14835720
2609129 2609129
4523930 4523930
59994 59994
36244344 36244344
134170 134170
plan  363
551271 57548
602097 125737
20352 436020
47637 340516
52653 743985
548420 2147
2609129 2609129
14835720 14835720
2528312 2528312
1380035 1380035
4523930 4523930
134170 134170
59994 59994
plan  364
774540 364519
7668 2754313
3498 453633
3498 842771
88257 12528
2899 1118073
134170 134170
4523930 4523930
59994 59994
2528312 2528312
1380035 1380035
14835720 14835720
36244344 36244344
plan  365
1980111 12548
331674 1507977
158115 433862
164613 781915
95308 257891
2609129 2609129
36244344 36244344
2528312 2528312
1380035 1380035
4523930 4523930
134170 134170
plan  366
30636 4743447
41094 97283
1407 634756
216 253169
7377 179202
204382 3207
2528312 2528312
14835720 14835720
1380035 1380035
2609129 2609129
4523930 4523930
134170 134170
36244344 36244344
plan  367
292314 134170
16308 393691
3444 1384282
552 1336012
258 439925
8558 94302
59994 59994
2528312 2528312
1380035 1380035
36244344 36244344
14835720 14835720
4523930 4523930
134170 134170
plan  368
409068 101206
94572 4223563
35016 24922
7599 1097014
7002 464245
8694 152465
2528312 2528312
1380035 1380035
2609129 2609129
4523930 4523930
59994 59994
36244344 36244344
134170 134170
plan  369
23796 869710
10632 32844
36222 34005
5256 1357876
37275 20376
24068 299463
1380035 1380035
36244344 36244344
14835720 14835720
4523930 4523930
134170 134170
59994 59994
2609129 2609129
plan  370
104436 131368
2493 1320162
192 869710
156 299463
252 260181
85450 2170
2528312 2528312
14835720 14835720
1380035 1380035
36244344 36244344
2609129 2609129
4523930 4523930
134170 134170
plan  371
113979 34328
36855 909648
182172 27106
42714 407090
42714 842771
516965 2205
2609129 2609129
14835720 14835720
2528312 2528312
4523930 4523930
134170 134170
36244344 36244344
59994 59994
plan  372
219093 58043
43551 671795
29379 464245
33678 425002
77701 257891
2528312 2528312
36244344 36244344
1380035 1380035
2609129 2609129
4523930 4523930
134170 134170
plan  373
169308 120990
2097 1507977
828 909648
129 558141
66 186290
45736 2145
2528312 2528312
14835720 14835720
1380035 1380035
2609129 2609129
36244344 36244344
4523930 4523930
134170 134170
plan  374
870768 21880
9807 4542666
1740 676987
909 433180
19476 6774
8694 452738
2528312 2528312
4523930 4523930
134170 134170
1380035 1380035
2609129 2609129
14835720 14835720
59994 59994
plan  375
1142262 4146
4200402 29503
50319 1507977
50664 207087
50925 794060
269754 2199
2609129 2609129
14835720 14835720
2528312 2528312
1380035 1380035
4523930 4523930
134170 134170
59994 59994
plan  376
5821932 52266
21315639 40966
304188 1021200
23670 404111
23670 842771
253161 6180
36244344 36244344
14835720 14835720
2528312 2528312
2609129 2609129
4523930 4523930
134170 134170
59994 59994
plan  377
696 9028241
54 3035219
21 410534
12 245291
12 776805
1 910886
134170 134170
4523930 4523930
2528312 2528312
2609129 2609129
1380035 1380035
14835720 14835720
36244344 36244344
plan  378
223566 567848
177585 410513
946521 21392
70554 795700
98786 180870
2528312 2528312
1380035 1380035
4523930 4523930
134170 134170
2609129 2609129
36244344 36244344
plan  379
102132 460012
54600 6337486
1278 45588
1503 118678
116898 94160
799842 2145
2609129 2609129
14835720 14835720
4523930 4523930
134170 134170
59994 59994
36244344 36244344
1380035 1380035
plan  380
88476 134170
8742 959947
4275 511303
2748 441069
2538 330792
887 216264
2528312 2528312
1380035 1380035
2609129 2609129
36244344 36244344
14835720 14835720
4523930 4523930
134170 134170
plan  381
128568 95515
177900 2483991
469332 15230
39957 1220859
28152 332268
35386 199344
2528312 2528312
1380035 1380035
2609129 2609129
4523930 4523930
59994 59994
36244344 36244344
134170 134170
plan  382
6936 4372289
1085019 45186
66693 1825460
10056 745880
53871 21952
7721 1501241
2528312 2528312
4523930 4523930
134170 134170
2609129 2609129
36244344 36244344
59994 59994
14835720 14835720
plan  383
10332 701902
32568 18612
32568 842771
57540 299463
219582 121592
6091 1462891
134170 134170
4523930 4523930
1380035 1380035
36244344 36244344
2528312 2528312
59994 59994
2609129 2609129
plan  384
6912 128603
384 4813029
242400 42014
23730 2247626
2013 1507977
1557 312001
2528312 2528312
1380035 1380035
4523930 4523930
36244344 36244344
59994 59994
14835720 14835720
134170 134170
plan  385
2610 600266
6138 58604
588 956493
1710 257891
5130 842771
923893 716
1380035 1380035
59994 59994
2528312 2528312
36244344 36244344
4523930 4523930
134170 134170
2609129 2609129
plan  386
744 12081448
1278 98743
876 1335606
603 50030
450 369986
3965 44540
2609129 2609129
2528312 2528312
1380035 1380035
59994 59994
4523930 4523930
134170 134170
36244344 36244344
plan  387
10290 4576015
5781 5738
159 6842440
54 386629
15 286588
1 379265
134170 134170
4523930 4523930
2609129 2609129
1380035 1380035
36244344 36244344
59994 59994
14835720 14835720
plan  388
2655978 33608
3132399 116904
119955 685813
7797 466317
7968 761386
364519 2198
36244344 36244344
14835720 14835720
2528312 2528312
4523930 4523930
2609129 2609129
134170 134170
59994 59994
plan  389
8664 35014
1212 1441006
837 309465
1026 267380
34113 44610
1710 1401759
134170 134170
4523930 4523930
2528312 2528312
14835720 14835720
1380035 1380035
36244344 36244344
59994 59994
plan  390
50886 909648
376386 59944
1359207 32137
19947 1316743
6531 460012
795386 2199
2528312 2528312
14835720 14835720
1380035 1380035
4523930 4523930
134170 134170
59994 59994
36244344 36244344
plan  391
807978 35478
9120 1507977
3909 518929
7929 217484
7998 793476
364519 2207
36244344 36244344
14835720 14835720
2528312 2528312
1380035 1380035
2609129 2609129
4523930 4523930
134170 134170
plan  392
17832 4008209
1428 4945240
1014 51730
714 713993
315 323442
7480 12760
2528312 2528312
4523930 4523930
1380035 1380035
2609129 2609129
59994 59994
14835720 14835720
36244344 36244344
plan  393
6366 869710
154614 16510
454071 50998
107322 1192235
114240 567848
127149 399477
2528312 2528312
1380035 1380035
36244344 36244344
4523930 4523930
134170 134170
59994 59994
2609129 2609129
plan  394
171786 909648
183948 23360
72501 460012
18669 419385
73617 42948
83856 493747
2528312 2528312
4523930 4523930
134170 134170
14835720 14835720
1380035 1380035
59994 59994
36244344 36244344
plan  395
493533 50962
51918 869710
19701 392100
66675 273439
182082 105373
8682 708089
134170 134170
4523930 4523930
36244344 36244344
2528312 2528312
1380035 1380035
2609129 2609129
59994 59994
plan  396
100692 130456
2976 1471429
122898 20504
94854 343862
94854 842771
682483 2205
2609129 2609129
14835720 14835720
2528312 2528312
1380035 1380035
59994 59994
4523930 4523930
134170 134170
plan  397
224619 59994
553059 48876
6690 1204080
4605 325751
6033 693729
299463 2195
36244344 36244344
14835720 14835720
2528312 2528312
1380035 1380035
4523930 4523930
134170 134170
59994 59994
plan  398
228 12081448
3456 44838
14040 28917
552 1494210
516 317548
44538 6180
2528312 2528312
14835720 14835720
1380035 1380035
4523930 4523930
134170 134170
59994 59994
36244344 36244344
plan  399
162 3936123
27 1441006
189 21476
19068 1466611
14928 460012
8657 393141
2609129 2609129
2528312 2528312
1380035 1380035
4523930 4523930
134170 134170
36244344 36244344
14835720 14835720
plan  400
24918 14264
115647 32743
21393 1199969
9999 375385
16983 299463
52058 163333
2528312 2528312
1380035 1380035
36244344 36244344
14835720 14835720
4523930 4523930
134170 134170
59994 59994
plan  401
989097 39062
67593 1507977
66267 429643
50112 364519
154416 798230
1340501 16082
2609129 2609129
59994 59994
2528312 2528312
36244344 36244344
14835720 14835720
4523930 4523930
134170 134170
plan  402
8913 14264
1761 576125
780 376670
2247 39462
393 493371
47937 5362
2528312 2528312
14835720 14835720
4523930 4523930
134170 134170
1380035 1380035
2609129 2609129
59994 59994
plan  403
3546 4328018
1365 395083
2328 70623
114756 399362
145485 665819
155667 92134
1380035 1380035
36244344 36244344
2528312 2528312
4523930 4523930
134170 134170
2609129 2609129
14835720 14835720
plan  404
900 11888997
10212 13839
387 1128378
467607 135074
484602 670216
441019 10060
2609129 2609129
14835720 14835720
2528312 2528312
1380035 1380035
4523930 4523930
134170 134170
36244344 36244344
plan  405
2352 2483991
7251 49484
9081 108928
1095 914978
2598 460012
2352 129933
2528312 2528312
2609129 2609129
1380035 1380035
4523930 4523930
134170 134170
59994 59994
36244344 36244344
plan  406
9129 2228314
5916 644569
27327 31227
5802 1221772
5802 842771
4053 299463
1380035 1380035
36244344 36244344
2528312 2528312
4523930 4523930
134170 134170
2609129 2609129
14835720 14835720
plan  407
1462329 59994
31170 2170646
11874 614258
6342 418685
130977 83856
7659 941813
134170 134170
4523930 4523930
2528312 2528312
1380035 1380035
2609129 2609129
14835720 14835720
59994 59994
plan  408
306 2109454
9 1512467
3 283174
3 103933
3 576812
1 1456133
134170 134170
4523930 4523930
2528312 2528312
1380035 1380035
2609129 2609129
36244344 36244344
14835720 14835720
plan  409
30225 6081211
2138943 13502
23994 4945240
73683 54880
9189 1321303
2612 609483
2528312 2528312
2609129 2609129
4523930 4523930
134170 134170
14835720 14835720
59994 59994
36244344 36244344
plan  410
160476 909648
74133 27132
21411 869710
39144 68500
14265 946130
44538 136170
2528312 2528312
1380035 1380035
4523930 4523930
134170 134170
2609129 2609129
59994 59994
36244344 36244344
plan  411
225240 128568
24456 4122591
176937 7808
25719 1336012
8895 718216
5178 449630
1380035 1380035
2528312 2528312
4523930 4523930
36244344 36244344
59994 59994
14835720 14835720
134170 134170
plan  412
651 2194891
93 869710
96 125572
3 498361
3 797944
179055 1
1380035 1380035
36244344 36244344
2528312 2528312
4523930 4523930
134170 134170
2609129 2609129
14835720 14835720
plan  413
42366 221245
107628 62091
17472 875883
6249 368045
9330 656715
42028 92134
59994 59994
36244344 36244344
2528312 2528312
1380035 1380035
4523930 4523930
134170 134170
14835720 14835720
plan  414
2286 4223563
237 869710
384 77277
36 974010
18 256970
4780 1446
2528312 2528312
14835720 14835720
1380035 1380035
4523930 4523930
134170 134170
2609129 2609129
36244344 36244344
plan  415
474327 50924
632487 567848
2501856 36320
70599 545594
70599 842625
531395 1599
2609129 2609129
14835720 14835720
2528312 2528312
4523930 4523930
134170 134170
36244344 36244344
59994 59994
plan  416
26826 1927508
36864 88396
4638 806700
11187 511303
5433 510636
24539 136711
1380035 1380035
2528312 2528312
2609129 2609129
14835720 14835720
4523930 4523930
134170 134170
36244344 36244344
plan  417
702 4387681
18 1329666
3 830378
1 415700
1 758123
1 1102209
134170 134170
4523930 4523930
2528312 2528312
1380035 1380035
2609129 2609129
14835720 14835720
36244344 36244344
plan  418
24312 71655
23262 762300
960 1375698
217635 236
183105 397904
61035 842771
1380035 1380035
2528312 2528312
2609129 2609129
59994 59994
4523930 4523930
36244344 36244344
134170 134170
plan  419
855 8785150
2979 46528
36 561974
36 315355
36 698148
256075 5
2609129 2609129
14835720 14835720
2528312 2528312
1380035 1380035
4523930 4523930
134170 134170
36244344 36244344
plan  420
208989 134170
61809 7078643
4289670 10180
59133 788629
67884 726928
324258 2207
2609129 2609129
14835720 14835720
2528312 2528312
4523930 4523930
59994 59994
36244344 36244344
134170 134170
plan  421
7758150 909648
1940424 836986
552234 548449
43878 396518
131634 842771
463639 18466
1380035 1380035
59994 59994
2528312 2528312
4523930 4523930
14835720 14835720
2609129 2609129
36244344 36244344
plan  422
6408 45536
2136 445277
4506 299463
4506 789220
33795 46297
209404 2207
2609129 2609129
14835720 14835720
4523930 4523930
2528312 2528312
36244344 36244344
1380035 1380035
59994 59994
plan  423
86856 2324603
127230 81646
19728 1211594
6957 460012
11337 624108
49512 92134
59994 59994
36244344 36244344
2528312 2528312
1380035 1380035
4523930 4523930
134170 134170
14835720 14835720
plan  424
6207690 4800612
7543281 112625
341961 741541
144579 511303
63468 440442
1634473 32966
2528312 2528312
59994 59994
4523930 4523930
14835720 14835720
2609129 2609129
134170 134170
36244344 36244344
plan  425
779532 2306899
794046 128470
625110 230744
47682 1507977
147546 798232
565044 20552
1380035 1380035
59994 59994
2528312 2528312
4523930 4523930
36244344 36244344
134170 134170
14835720 14835720
plan  426
551337 134170
36420 763369
28611 567848
1848 553324
44430 2170
56441 176952
1380035 1380035
2528312 2528312
14835720 14835720
2609129 2609129
36244344 36244344
4523930 4523930
134170 134170
plan  427
1271646 7421105
21438 4642499
98448 43172
51603 460012
100014 61806
104954 395296
2528312 2528312
4523930 4523930
134170 134170
1380035 1380035
59994 59994
14835720 14835720
36244344 36244344
plan  428
7179540 60567
1037622 1963596
305082 953285
27360 244129
84600 798230
466565 11806
1380035 1380035
59994 59994
2528312 2528312
4523930 4523930
14835720 14835720
36244344 36244344
134170 134170
plan  429
547452 8790922
114864 1331043
188091 93386
12798 1507977
28800 635810
820316 30778
2528312 2528312
59994 59994
2609129 2609129
4523930 4523930
134170 134170
14835720 14835720
36244344 36244344
plan  430
5499564 134170
158220 3396658
38979 49756
19011 412368
23478 364519
57983 194929
2528312 2528312
4523930 4523930
36244344 36244344
1380035 1380035
59994 59994
14835720 14835720
134170 134170
plan  431
337812 12081448
21744 483747
29562 674890
9930 305513
37620 20904
4279 303572
134170 134170
4523930 4523930
59994 59994
1380035 1380035
2528312 2528312
2609129 2609129
36244344 36244344
plan  432
6049320 257891
13651452 64367
410496 1507977
70716 281490
72930 751604
30514 123735
59994 59994
1380035 1380035
2528312 2528312
2609129 2609129
4523930 4523930
134170 134170
36244344 36244344
plan  433
31740 11279415
23397 31966
88692 29074
18831 786607
17385 391830
44541 167297
2528312 2528312
1380035 1380035
2609129 2609129
4523930 4523930
134170 134170
59994 59994
36244344 36244344
plan  434
3429219 960912
229398 5117454
376251 87773
10314 1507977
10386 754720
7868 8116
59994 59994
2609129 2609129
2528312 2528312
4523930 4523930
134170 134170
36244344 36244344
14835720 14835720
plan  435
1415742 3303377
1836666 102352
100176 1095677
52332 580976
390546 59994
307721 328599
2528312 2528312
1380035 1380035
59994 59994
2609129 2609129
4523930 4523930
134170 134170
14835720 14835720
plan  436
2572026 7726305
94434 980540
49467 458552
4194 858958
308538 9218
759744 109619
2528312 2528312
14835720 14835720
59994 59994
2609129 2609129
1380035 1380035
4523930 4523930
36244344 36244344
plan  437
724350 44870
244539 262329
250014 791812
82494 345724
159585 143304
58410 133634
134170 134170
4523930 4523930
36244344 36244344
2609129 2609129
2528312 2528312
1380035 1380035
59994 59994
plan  438
232245 587254
79173 532555
81810 758123
38844 138971
30302 47292
134170 134170
4523930 4523930
1380035 1380035
2528312 2528312
36244344 36244344
14835720 14835720
plan  439
30616146 116363
9837894 460012
906933 384109
44805 327205
70263 608941
299463 22675
36244344 36244344
14835720 14835720
2528312 2528312
4523930 4523930
2609129 2609129
1380035 1380035
134170 134170
plan  440
415566 4223563
340284 109619
340284 842758
460012 117489
1380035 1380035
207561 32732
50743 165843
134170 134170
4523930 4523930
59994 59994
2528312 2528312
14835720 14835720
36244344 36244344
plan  441
259635 11739945
353415 90389
117909 457449
4857 443127
4944 794060
383604 704
2609129 2609129
14835720 14835720
2528312 2528312
4523930 4523930
1380035 1380035
134170 134170
36244344 36244344
plan  442
236802 2610966
241431 59994
519318 55796
93090 763937
98826 688992
100815 92134
2609129 2609129
36244344 36244344
2528312 2528312
4523930 4523930
134170 134170
59994 59994
14835720 14835720
plan  443
18456 5135512
762 1321127
318 285814
180 361303
198 758123
1 745579
134170 134170
4523930 4523930
2528312 2528312
2609129 2609129
1380035 1380035
14835720 14835720
36244344 36244344
plan  444
132339 12081448
6378 2056077
15039 63453
897 1466804
270 764148
1294 87817
2528312 2528312
1380035 1380035
2609129 2609129
4523930 4523930
134170 134170
14835720 14835720
36244344 36244344
plan  445
533358 3366374
107421 31970
20379 1368733
11988 469143
16524 257891
93663 158542
2528312 2528312
1380035 1380035
36244344 36244344
2609129 2609129
4523930 4523930
59994 59994
14835720 14835720
plan  446
298218 4704577
359052 4223563
31974 869710
2976 1391377
28899 33818
102716 199433
2528312 2528312
1380035 1380035
59994 59994
4523930 4523930
2609129 2609129
36244344 36244344
14835720 14835720
plan  447
91776 4550272
76698 43484
12873 1336012
31908 48102
11331 458935
44538 105060
2528312 2528312
1380035 1380035
4523930 4523930
134170 134170
36244344 36244344
59994 59994
14835720 14835720
plan  448
2394438 71481
2182458 1336012
90654 1507977
309420 30824
126360 606324
166292 246096
1380035 1380035
2528312 2528312
2609129 2609129
59994 59994
4523930 4523930
36244344 36244344
134170 134170
plan  449
327057 9969786
327057 134170
24219 1197679
4710 507801
1704 268623
149041 2195
2528312 2528312
14835720 14835720
1380035 1380035
2609129 2609129
4523930 4523930
134170 134170
36244344 36244344
plan  450
148884 2816189
21462 923541
7350 625344
7572 751604
215244 7776
209093 92134
1380035 1380035
36244344 36244344
59994 59994
2528312 2528312
2609129 2609129
4523930 4523930
14835720 14835720
plan  451
25600404 125239
2689260 869710
1597968 756311
115914 279832
358560 760559
334393 57382
1380035 1380035
59994 59994
2528312 2528312
4523930 4523930
36244344 36244344
2609129 2609129
134170 134170
plan  452
2038548 134115
110463 48482
36822 460012
105990 185137
108102 761386
582133 2197
2609129 2609129
14835720 14835720
2528312 2528312
4523930 4523930
1380035 1380035
59994 59994
134170 134170
plan  453
814095 4088254
47022 1931217
47022 134170
48876 750267
18504 465352
2670 31399
59994 59994
4523930 4523930
2609129 2609129
2528312 2528312
134170 134170
14835720 14835720
36244344 36244344
plan  454
1024956 743228
224226 741269
329220 84485
26868 422547
83376 789220
1380035 15780
1380035 1380035
59994 59994
2528312 2528312
4523930 4523930
134170 134170
36244344 36244344
2609129 2609129
plan  455
1585980 8768571
40392 1360621
14688 204446
14877 774922
255414 13333
8910 970473
134170 134170
4523930 4523930
2609129 2609129
2528312 2528312
1380035 1380035
14835720 14835720
36244344 36244344
plan  456
748152 7812161
748152 134170
249384 151650
7833 933325
112596 17944
809859 2115
2609129 2609129
14835720 14835720
59994 59994
4523930 4523930
1380035 1380035
134170 134170
36244344 36244344
plan  457
146892 1441006
62880 41056
16620 815874
24285 96943
13215 122156
90452 121639
2528312 2528312
1380035 1380035
4523930 4523930
134170 134170
2609129 2609129
59994 59994
36244344 36244344
plan  458
220782 1336012
598392 42634
35028 1233765
16338 439272
51084 763206
1350950 12434
1380035 1380035
59994 59994
2528312 2528312
2609129 2609129
4523930 4523930
134170 134170
36244344 36244344
plan  459
14220 7512855
45369 30940
24327 611620
66315 55248
20916 819489
44538 203518
2528312 2528312
1380035 1380035
4523930 4523930
134170 134170
2609129 2609129
59994 59994
36244344 36244344
plan  460
13722 12081448
827883 35168
58761 744429
275931 31175
16830 1123415
548745 6180
2528312 2528312
14835720 14835720
4523930 4523930
134170 134170
2609129 2609129
59994 59994
36244344 36244344
plan  461
11355588 122552
1828338 1144584
995811 27854
371928 460012
197247 329684
163032 259762
2528312 2528312
2609129 2609129
4523930 4523930
1380035 1380035
59994 59994
14835720 14835720
134170 134170
plan  462
2601303 134170
1030908 909648
425964 591305
143118 264544
75276 88986
797944 25792
2528312 2528312
14835720 14835720
4523930 4523930
1380035 1380035
2609129 2609129
36244344 36244344
134170 134170
plan  463
79737 1657340
633885 4396
11715 1507977
3906 357952
5847 688992
125602 2207
2609129 2609129
14835720 14835720
2528312 2528312
1380035 1380035
4523930 4523930
134170 134170
36244344 36244344
plan  464
1889724 460012
1770519 299463
731079 879384
299563 627695
2609129 2609129
2528312 2528312
41670 855321
134170 134170
4523930 4523930
36244344 36244344
1380035 1380035
plan  465
197304 2080807
1825284 14396
80049 882526
58431 511303
43695 404227
75949 342257
2528312 2528312
1380035 1380035
2609129 2609129
14835720 14835720
4523930 4523930
59994 59994
36244344 36244344
plan  466
1218864 134170
99432 966160
49080 747038
10506 2358179
49119 41360
99368 173221
1380035 1380035
2528312 2528312
59994 59994
14835720 14835720
2609129 2609129
4523930 4523930
134170 134170
plan  467
33981 4945240
22281 909648
23529 123592
3393 515187
19431 493715
44540 234762
2528312 2528312
1380035 1380035
4523930 4523930
2609129 2609129
134170 134170
36244344 36244344
14835720 14835720
plan  468
634806 3192388
1239162 62940
111492 963089
119802 798232
300078 364519
1380035 49360
1380035 1380035
59994 59994
36244344 36244344
2528312 2528312
4523930 4523930
134170 134170
14835720 14835720
plan  469
339885 4945240
129807 909648
15237 677853
20385 98641
3324 386641
4838 144371
2528312 2528312
1380035 1380035
4523930 4523930
134170 134170
2609129 2609129
36244344 36244344
14835720 14835720
plan  470
357366 10511465
10815 3267188
10815 134170
3942 695963
2517 276118
1257 280023
2528312 2528312
2609129 2609129
1380035 1380035
4523930 4523930
134170 134170
14835720 14835720
36244344 36244344
plan  471
69060 1346847
26052 708525
9009 460012
9432 432996
10200 792667
40028 92134
59994 59994
36244344 36244344
2528312 2528312
14835720 14835720
1380035 1380035
2609129 2609129
4523930 4523930
plan  472
86586 12081448
126117 46564
4743 3671548
146028 5992
30594 1348682
44546 318759
2528312 2528312
1380035 1380035
4523930 4523930
134170 134170
14835720 14835720
59994 59994
36244344 36244344
plan  473
1976241 9028594
22941 4945240
9753 766052
14781 87217
1761 1054814
51922 57983
59994 59994
2528312 2528312
4523930 4523930
134170 134170
2609129 2609129
14835720 14835720
36244344 36244344
plan  474
5926200 117005
116508 1665285
36429 58574
7290 1092433
6705 502426
60202 100640
1380035 1380035
2528312 2528312
2609129 2609129
4523930 4523930
59994 59994
14835720 14835720
134170 134170
plan  475
382680 8610502
961710 18228
19437 1391120
42438 172723
42681 784788
588724 841
2609129 2609129
14835720 14835720
2528312 2528312
1380035 1380035
4523930 4523930
59994 59994
36244344 36244344
plan  476
46242 2333055
7134 909648
10200 81890
1524 1507688
1230 213366
2810 144395
2528312 2528312
1380035 1380035
2609129 2609129
4523930 4523930
134170 134170
36244344 36244344
14835720 14835720
plan  477
162435 1336012
32352 1089990
74154 47931
6807 1507977
1971 642327
22378 129729
59994 59994
2528312 2528312
2609129 2609129
4523930 4523930
134170 134170
14835720 14835720
36244344 36244344
plan  478
1768266 9186256
3925260 54762
117054 1142339
27468 247512
31482 656715
13190 96353
59994 59994
1380035 1380035
2528312 2528312
2609129 2609129
4523930 4523930
134170 134170
36244344 36244344
plan  479
440634 6430281
146877 394590
325749 48647
10329 1328171
119172 20880
869710 2170
2609129 2609129
14835720 14835720
59994 59994
4523930 4523930
134170 134170
1380035 1380035
36244344 36244344
plan  480
2270364 285002
71130 2620690
24630 350534
471015 38376
598053 257891
18357 1311118
134170 134170
4523930 4523930
36244344 36244344
59994 59994
1380035 1380035
14835720 14835720
2609129 2609129
plan  481
70908 9016
5733 1507977
1476 786897
1320 364519
66447 5362
22901 764147
1380035 1380035
2528312 2528312
14835720 14835720
36244344 36244344
2609129 2609129
4523930 4523930
59994 59994
plan  482
769392 8137936
29496834 19008
284454 1357981
108252 421822
108252 842771
591287 2198
2609129 2609129
14835720 14835720
2528312 2528312
1380035 1380035
4523930 4523930
59994 59994
36244344 36244344
plan  483
107223 1652678
1062396 31956
4042392 39111
119421 1507977
262281 393141
257032 92134
2609129 2609129
36244344 36244344
2528312 2528312
4523930 4523930
134170 134170
59994 59994
14835720 14835720
plan  484
125985 59994
6405 751138
2235 454714
7803 393978
10932 329779
48711 105373
2528312 2528312
36244344 36244344
14835720 14835720
4523930 4523930
1380035 1380035
2609129 2609129
59994 59994
plan  485
435891 4945240
537027 107194
45987 493332
10869 317611
11961 798232
22616 257891
59994 59994
36244344 36244344
2528312 2528312
2609129 2609129
4523930 4523930
134170 134170
14835720 14835720
plan  486
142854 563669
265428 45648
265428 134170
43065 1052868
52203 177181
299463 20376
36244344 36244344
14835720 14835720
1380035 1380035
4523930 4523930
134170 134170
59994 59994
2609129 2609129
plan  487
65832 10768630
454341 16974
326724 561096
1072449 34425
170250 839389
204382 268315
2528312 2528312
1380035 1380035
4523930 4523930
134170 134170
2609129 2609129
59994 59994
36244344 36244344
plan  488
731772 1336012
39031956 58780
2107425 785187
253425 568890
240681 374971
329412 220308
2528312 2528312
14835720 14835720
1380035 1380035
4523930 4523930
2609129 2609129
59994 59994
36244344 36244344
plan  489
196062 7483849
639198 7406
10629 3987176
4620 392842
17136 41883
8093 428062
2528312 2528312
4523930 4523930
134170 134170
1380035 1380035
14835720 14835720
59994 59994
36244344 36244344
plan  490
187068 3760162
187068 134170
41112 28196
20499 238063
7074 211146
47385 64838
2528312 2528312
1380035 1380035
4523930 4523930
2609129 2609129
59994 59994
134170 134170
36244344 36244344
plan  491
558510 2714069
175911 59994
57384 789956
42468 667482
77520 299463
80063 297946
1380035 1380035
2528312 2528312
36244344 36244344
2609129 2609129
4523930 4523930
59994 59994
14835720 14835720
plan  492
745776 12081448
1113942 83369
18327 1478739
72669 756804
40419 220936
20698 535049
2609129 2609129
2528312 2528312
1380035 1380035
14835720 14835720
4523930 4523930
134170 134170
36244344 36244344
plan  493
989004 5579028
146613 8882
307917 55095
21537 1507977
19272 199486
9341 561611
1380035 1380035
2528312 2528312
14835720 14835720
4523930 4523930
134170 134170
59994 59994
36244344 36244344
plan  494
76968 3993035
446769 16228
196707 515266
102456 395643
210348 430500
19586 429775
134170 134170
4523930 4523930
2528312 2528312
1380035 1380035
2609129 2609129
59994 59994
14835720 14835720
plan  495
466101 10883048
51627 1364278
7761 785809
10989 96685
1347 922581
40938 44538
59994 59994
2528312 2528312
4523930 4523930
134170 134170
2609129 2609129
14835720 14835720
36244344 36244344
plan  496
1578510 116704
262191 491625
55566 322412
25725 264947
30948 720287
257891 12328
36244344 36244344
14835720 14835720
2528312 2528312
1380035 1380035
2609129 2609129
4523930 4523930
134170 134170
plan  497
1097175 790688
1009200 567848
1371018 103879
1222476 467519
740613 467301
246871 842771
1380035 1380035
2528312 2528312
14835720 14835720
4523930 4523930
134170 134170
36244344 36244344
2609129 2609129
plan  498
2366472 1336012
85524 1507977
113562 58684
5910 776760
5967 256460
779289 2011
2528312 2528312
14835720 14835720
1380035 1380035
2609129 2609129
59994 59994
4523930 4523930
36244344 36244344
plan  499
2604228 76630
132252 1507977
1656 4803305
36468 7788
32328 287665
102716 150331
2528312 2528312
2609129 2609129
1380035 1380035
59994 59994
14835720 14835720
4523930 4523930
134170 134170
plan  500
2640576 2483991
4509180 68882
163002 1346262
24948 869710
122346 44054
178205 233830
1380035 1380035
2528312 2528312
59994 59994
2609129 2609129
4523930 4523930
134170 134170
36244344 36244344
