plan  1
0 1
1 2
2 3
3 4
4 5
5 6
5 7
4 8
3 9
2 10
1 11
0 12
plan  2
0 1
1 2
2 3
3 4
4 5
5 6
5 7
4 8
3 9
2 10
1 11
0 12
plan  3
0 1
1 2
2 3
3 4
4 5
5 6
5 7
4 8
3 9
2 10
1 11
0 12
plan  4
0 1
1 2
2 3
3 4
4 5
5 6
5 7
4 8
3 9
2 10
1 11
0 12
plan  5
0 1
1 2
2 3
3 4
4 5
5 6
5 7
4 8
3 9
2 10
1 11
0 12
plan  6
0 1
1 2
2 3
3 4
4 5
5 6
5 7
4 8
3 9
2 10
1 11
0 12
plan  7
0 1
1 2
2 3
3 4
4 5
5 6
5 7
4 8
3 9
2 10
1 11
0 12
plan  8
0 1
1 2
2 3
3 4
4 5
5 6
5 7
4 8
3 9
2 10
1 11
0 12
plan  9
0 1
1 2
2 3
3 4
4 5
5 6
5 7
4 8
3 9
2 10
1 11
0 12
plan  10
0 1
1 2
2 3
3 4
4 5
5 6
5 7
4 8
3 9
2 10
1 11
0 12
plan  11
0 1
1 2
2 3
3 4
4 5
5 6
5 7
4 8
3 9
2 10
1 11
0 12
plan  12
0 1
1 2
2 3
3 4
4 5
5 6
5 7
4 8
3 9
2 10
1 11
0 12
plan  13
0 1
1 2
2 3
3 4
4 5
5 6
5 7
4 8
3 9
2 10
1 11
0 12
plan  14
0 1
1 2
2 3
3 4
4 5
5 6
5 7
4 8
3 9
2 10
1 11
0 12
plan  15
0 1
1 2
2 3
3 4
4 5
5 6
5 7
4 8
3 9
2 10
1 11
0 12
plan  16
0 1
1 2
2 3
3 4
4 5
5 6
5 7
4 8
3 9
2 10
1 11
0 12
plan  17
0 1
1 2
2 3
3 4
4 5
5 6
5 7
4 8
3 9
2 10
1 11
0 12
plan  18
0 1
1 2
2 3
3 4
4 5
5 6
5 7
4 8
3 9
2 10
1 11
0 12
plan  19
0 1
1 2
2 3
3 4
4 5
5 6
5 7
4 8
3 9
2 10
1 11
0 12
plan  20
0 1
1 2
2 3
3 4
4 5
5 6
5 7
4 8
3 9
2 10
1 11
0 12
plan  21
0 1
1 2
2 3
3 4
4 5
5 6
5 7
4 8
3 9
2 10
1 11
0 12
plan  22
0 1
1 2
2 3
3 4
4 5
5 6
5 7
4 8
3 9
2 10
1 11
0 12
plan  23
0 1
1 2
2 3
3 4
4 5
5 6
5 7
4 8
3 9
2 10
1 11
0 12
plan  24
0 1
1 2
2 3
3 4
4 5
5 6
5 7
4 8
3 9
2 10
1 11
0 12
plan  25
0 1
1 2
2 3
3 4
4 5
5 6
5 7
4 8
3 9
2 10
1 11
0 12
plan  26
0 1
1 2
2 3
3 4
4 5
5 6
5 7
4 8
3 9
2 10
1 11
0 12
plan  27
0 1
1 2
2 3
3 4
4 5
5 6
5 7
4 8
3 9
2 10
1 11
0 12
plan  28
0 1
1 2
2 3
3 4
4 5
5 6
5 7
4 8
3 9
2 10
1 11
0 12
plan  29
0 1
1 2
2 3
3 4
4 5
5 6
5 7
4 8
3 9
2 10
1 11
0 12
plan  30
0 1
1 2
2 3
3 4
4 5
5 6
5 7
4 8
3 9
2 10
1 11
0 12
plan  31
0 1
1 2
2 3
3 4
4 5
5 6
5 7
4 8
3 9
2 10
1 11
0 12
plan  32
0 1
1 2
2 3
3 4
3 5
5 6
6 7
6 8
5 9
2 10
1 11
0 12
plan  33
0 1
1 2
2 3
3 4
4 5
5 6
5 7
4 8
3 9
2 10
1 11
0 12
plan  34
0 1
1 2
1 3
3 4
4 5
5 6
6 7
6 8
5 9
4 10
3 11
0 12
plan  35
0 1
1 2
2 3
3 4
4 5
5 6
5 7
4 8
3 9
2 10
1 11
0 12
plan  36
0 1
1 2
2 3
3 4
4 5
5 6
5 7
4 8
3 9
2 10
1 11
0 12
plan  37
0 1
1 2
2 3
3 4
4 5
5 6
5 7
4 8
3 9
2 10
1 11
0 12
plan  38
0 1
1 2
2 3
3 4
4 5
5 6
5 7
4 8
3 9
2 10
1 11
0 12
plan  39
0 1
1 2
2 3
3 4
4 5
5 6
5 7
4 8
3 9
2 10
1 11
0 12
plan  40
0 1
1 2
2 3
3 4
4 5
5 6
5 7
4 8
3 9
2 10
1 11
0 12
plan  41
0 1
1 2
2 3
3 4
4 5
5 6
5 7
4 8
3 9
2 10
1 11
0 12
plan  42
0 1
1 2
2 3
3 4
4 5
5 6
5 7
4 8
3 9
2 10
1 11
0 12
plan  43
0 1
1 2
2 3
3 4
4 5
5 6
5 7
4 8
3 9
2 10
1 11
0 12
plan  44
0 1
1 2
2 3
3 4
4 5
5 6
5 7
4 8
3 9
2 10
1 11
0 12
plan  45
0 1
1 2
2 3
3 4
4 5
5 6
5 7
4 8
3 9
2 10
1 11
0 12
plan  46
0 1
1 2
2 3
3 4
4 5
5 6
5 7
4 8
3 9
2 10
1 11
0 12
plan  47
0 1
1 2
2 3
3 4
4 5
5 6
5 7
4 8
3 9
2 10
1 11
0 12
plan  48
0 1
1 2
2 3
3 4
4 5
5 6
5 7
4 8
3 9
2 10
1 11
0 12
plan  49
0 1
1 2
2 3
3 4
4 5
5 6
5 7
4 8
3 9
2 10
1 11
0 12
plan  50
0 1
1 2
2 3
3 4
4 5
5 6
5 7
4 8
3 9
2 10
1 11
0 12
plan  51
0 1
1 2
2 3
3 4
4 5
5 6
5 7
4 8
3 9
2 10
1 11
0 12
plan  52
0 1
1 2
2 3
3 4
4 5
5 6
5 7
4 8
3 9
2 10
1 11
0 12
plan  53
0 1
1 2
1 3
3 4
4 5
5 6
6 7
6 8
5 9
4 10
3 11
0 12
plan  54
0 1
1 2
2 3
3 4
4 5
5 6
5 7
4 8
3 9
2 10
1 11
0 12
plan  55
0 1
1 2
2 3
3 4
4 5
5 6
5 7
4 8
3 9
2 10
1 11
0 12
plan  56
0 1
1 2
2 3
3 4
4 5
5 6
5 7
4 8
3 9
2 10
1 11
0 12
plan  57
0 1
1 2
2 3
3 4
4 5
5 6
5 7
4 8
3 9
2 10
1 11
0 12
plan  58
0 1
1 2
2 3
3 4
4 5
5 6
5 7
4 8
3 9
2 10
1 11
0 12
plan  59
0 1
1 2
2 3
3 4
4 5
5 6
5 7
4 8
3 9
2 10
1 11
0 12
plan  60
0 1
1 2
1 3
3 4
4 5
5 6
6 7
6 8
5 9
4 10
3 11
0 12
plan  61
0 1
1 2
2 3
3 4
4 5
5 6
5 7
4 8
3 9
2 10
1 11
0 12
plan  62
0 1
1 2
2 3
3 4
4 5
5 6
5 7
4 8
3 9
2 10
1 11
0 12
plan  63
0 1
1 2
2 3
3 4
4 5
5 6
5 7
4 8
3 9
2 10
1 11
0 12
plan  64
0 1
1 2
2 3
3 4
4 5
5 6
5 7
4 8
3 9
2 10
1 11
0 12
plan  65
0 1
1 2
2 3
3 4
4 5
5 6
5 7
4 8
3 9
2 10
1 11
0 12
plan  66
0 1
1 2
2 3
3 4
4 5
5 6
5 7
4 8
3 9
2 10
1 11
0 12
plan  67
0 1
1 2
2 3
3 4
4 5
5 6
5 7
4 8
3 9
2 10
1 11
0 12
plan  68
0 1
1 2
2 3
3 4
4 5
5 6
5 7
4 8
3 9
2 10
1 11
0 12
plan  69
0 1
1 2
2 3
3 4
4 5
5 6
5 7
4 8
3 9
2 10
1 11
0 12
plan  70
0 1
1 2
2 3
3 4
4 5
5 6
5 7
4 8
3 9
2 10
1 11
0 12
plan  71
0 1
1 2
2 3
3 4
4 5
5 6
5 7
4 8
3 9
2 10
1 11
0 12
plan  72
0 1
1 2
2 3
3 4
4 5
5 6
5 7
4 8
3 9
2 10
1 11
0 12
plan  73
0 1
1 2
2 3
3 4
4 5
5 6
5 7
4 8
3 9
2 10
1 11
0 12
plan  74
0 1
1 2
2 3
3 4
4 5
5 6
5 7
4 8
3 9
2 10
1 11
0 12
plan  75
0 1
1 2
2 3
3 4
4 5
5 6
5 7
4 8
3 9
2 10
1 11
0 12
plan  76
0 1
1 2
2 3
3 4
4 5
5 6
5 7
4 8
3 9
2 10
1 11
0 12
plan  77
0 1
1 2
2 3
3 4
4 5
5 6
5 7
4 8
3 9
2 10
1 11
0 12
plan  78
0 1
1 2
2 3
3 4
4 5
5 6
5 7
4 8
3 9
2 10
1 11
0 12
plan  79
0 1
1 2
2 3
3 4
4 5
5 6
5 7
4 8
3 9
2 10
1 11
0 12
plan  80
0 1
1 2
2 3
3 4
4 5
5 6
5 7
4 8
3 9
2 10
1 11
0 12
plan  81
0 1
1 2
2 3
3 4
4 5
5 6
5 7
4 8
3 9
2 10
1 11
0 12
plan  82
0 1
1 2
2 3
3 4
4 5
5 6
5 7
4 8
3 9
2 10
1 11
0 12
plan  83
0 1
1 2
2 3
3 4
4 5
5 6
5 7
4 8
3 9
2 10
1 11
0 12
plan  84
0 1
1 2
2 3
3 4
4 5
5 6
5 7
4 8
3 9
2 10
1 11
0 12
plan  85
0 1
1 2
2 3
3 4
4 5
5 6
5 7
4 8
3 9
2 10
1 11
0 12
plan  86
0 1
1 2
2 3
3 4
4 5
5 6
5 7
4 8
3 9
2 10
1 11
0 12
plan  87
0 1
1 2
2 3
3 4
4 5
5 6
5 7
4 8
3 9
2 10
1 11
0 12
plan  88
0 1
1 2
2 3
3 4
4 5
5 6
5 7
4 8
3 9
2 10
1 11
0 12
plan  89
0 1
1 2
2 3
3 4
4 5
5 6
5 7
4 8
3 9
2 10
1 11
0 12
plan  90
0 1
1 2
2 3
3 4
4 5
5 6
5 7
4 8
3 9
2 10
1 11
0 12
plan  91
0 1
1 2
2 3
3 4
4 5
4 6
3 7
7 8
7 9
2 10
1 11
0 12
plan  92
0 1
1 2
2 3
3 4
4 5
5 6
5 7
4 8
3 9
2 10
1 11
0 12
plan  93
0 1
1 2
2 3
3 4
4 5
5 6
5 7
4 8
3 9
2 10
1 11
0 12
plan  94
0 1
1 2
2 3
3 4
4 5
5 6
5 7
4 8
3 9
2 10
1 11
0 12
plan  95
0 1
1 2
2 3
3 4
4 5
5 6
5 7
4 8
3 9
2 10
1 11
0 12
plan  96
0 1
1 2
2 3
3 4
4 5
5 6
5 7
4 8
3 9
2 10
1 11
0 12
plan  97
0 1
1 2
2 3
3 4
4 5
5 6
5 7
4 8
3 9
2 10
1 11
0 12
plan  98
0 1
1 2
2 3
3 4
4 5
5 6
5 7
4 8
3 9
2 10
1 11
0 12
plan  99
0 1
1 2
2 3
3 4
4 5
5 6
5 7
4 8
3 9
2 10
1 11
0 12
plan  100
0 1
1 2
2 3
3 4
4 5
5 6
5 7
4 8
3 9
2 10
1 11
0 12
plan  101
0 1
1 2
2 3
3 4
4 5
5 6
5 7
4 8
3 9
2 10
1 11
0 12
plan  102
0 1
1 2
1 3
3 4
4 5
5 6
6 7
6 8
5 9
4 10
3 11
0 12
plan  103
0 1
1 2
2 3
3 4
4 5
5 6
5 7
4 8
3 9
2 10
1 11
0 12
plan  104
0 1
1 2
2 3
3 4
4 5
5 6
5 7
4 8
3 9
2 10
1 11
0 12
plan  105
0 1
1 2
2 3
3 4
4 5
5 6
5 7
4 8
3 9
2 10
1 11
0 12
plan  106
0 1
1 2
2 3
3 4
4 5
5 6
5 7
4 8
3 9
2 10
1 11
0 12
plan  107
0 1
1 2
2 3
3 4
4 5
5 6
5 7
4 8
3 9
2 10
1 11
0 12
plan  108
0 1
1 2
2 3
3 4
4 5
5 6
5 7
4 8
3 9
2 10
1 11
0 12
plan  109
0 1
1 2
2 3
3 4
4 5
5 6
5 7
4 8
3 9
2 10
1 11
0 12
plan  110
0 1
1 2
2 3
3 4
4 5
5 6
5 7
4 8
3 9
2 10
1 11
0 12
plan  111
0 1
1 2
2 3
3 4
4 5
5 6
5 7
4 8
3 9
2 10
1 11
0 12
plan  112
0 1
1 2
2 3
3 4
4 5
5 6
5 7
4 8
3 9
2 10
1 11
0 12
plan  113
0 1
1 2
2 3
3 4
4 5
5 6
5 7
4 8
3 9
2 10
1 11
0 12
plan  114
0 1
1 2
2 3
3 4
4 5
5 6
5 7
4 8
3 9
2 10
1 11
0 12
plan  115
0 1
1 2
2 3
3 4
4 5
5 6
5 7
4 8
3 9
2 10
1 11
0 12
plan  116
0 1
1 2
2 3
3 4
4 5
5 6
5 7
4 8
3 9
2 10
1 11
0 12
plan  117
0 1
1 2
2 3
3 4
4 5
5 6
5 7
4 8
3 9
2 10
1 11
0 12
plan  118
0 1
1 2
2 3
3 4
4 5
5 6
5 7
4 8
3 9
2 10
1 11
0 12
plan  119
0 1
1 2
2 3
3 4
4 5
5 6
5 7
4 8
3 9
2 10
1 11
0 12
plan  120
0 1
1 2
2 3
3 4
4 5
4 6
3 7
2 8
1 9
0 10
plan  121
0 1
1 2
2 3
3 4
4 5
5 6
5 7
4 8
3 9
2 10
1 11
0 12
plan  122
0 1
1 2
2 3
3 4
4 5
5 6
5 7
4 8
3 9
2 10
1 11
0 12
plan  123
0 1
1 2
2 3
3 4
4 5
5 6
5 7
4 8
3 9
2 10
1 11
0 12
plan  124
0 1
1 2
2 3
3 4
4 5
5 6
5 7
4 8
3 9
2 10
1 11
0 12
plan  125
0 1
1 2
2 3
3 4
4 5
5 6
5 7
4 8
3 9
2 10
1 11
0 12
plan  126
0 1
1 2
2 3
3 4
4 5
5 6
5 7
4 8
3 9
2 10
1 11
0 12
plan  127
0 1
1 2
2 3
3 4
4 5
5 6
5 7
4 8
3 9
2 10
1 11
0 12
plan  128
0 1
1 2
2 3
3 4
4 5
5 6
5 7
4 8
3 9
2 10
1 11
0 12
plan  129
0 1
1 2
2 3
3 4
4 5
5 6
5 7
4 8
3 9
2 10
1 11
0 12
plan  130
0 1
1 2
2 3
3 4
4 5
5 6
5 7
4 8
3 9
2 10
1 11
0 12
plan  131
0 1
1 2
2 3
3 4
4 5
5 6
5 7
4 8
3 9
2 10
1 11
0 12
plan  132
0 1
1 2
2 3
3 4
4 5
5 6
5 7
4 8
3 9
2 10
1 11
0 12
plan  133
0 1
1 2
2 3
3 4
4 5
5 6
5 7
4 8
3 9
2 10
1 11
0 12
plan  134
0 1
1 2
2 3
3 4
4 5
5 6
5 7
4 8
3 9
2 10
1 11
0 12
plan  135
0 1
1 2
2 3
3 4
4 5
5 6
5 7
4 8
3 9
2 10
1 11
0 12
plan  136
0 1
1 2
2 3
3 4
4 5
5 6
5 7
4 8
3 9
2 10
1 11
0 12
plan  137
0 1
1 2
2 3
3 4
4 5
5 6
5 7
4 8
3 9
2 10
1 11
0 12
plan  138
0 1
1 2
2 3
3 4
4 5
5 6
5 7
4 8
3 9
2 10
1 11
0 12
plan  139
0 1
1 2
2 3
3 4
4 5
5 6
5 7
4 8
3 9
2 10
1 11
0 12
plan  140
0 1
1 2
2 3
3 4
4 5
5 6
5 7
4 8
3 9
2 10
1 11
0 12
plan  141
0 1
1 2
2 3
3 4
4 5
5 6
5 7
4 8
3 9
2 10
1 11
0 12
plan  142
0 1
1 2
2 3
3 4
4 5
5 6
5 7
4 8
3 9
2 10
1 11
0 12
plan  143
0 1
1 2
2 3
3 4
4 5
5 6
5 7
4 8
3 9
2 10
1 11
0 12
plan  144
0 1
1 2
2 3
3 4
4 5
5 6
5 7
4 8
3 9
2 10
1 11
0 12
plan  145
0 1
1 2
2 3
3 4
4 5
5 6
5 7
4 8
3 9
2 10
1 11
0 12
plan  146
0 1
1 2
2 3
3 4
4 5
5 6
5 7
4 8
3 9
2 10
1 11
0 12
plan  147
0 1
1 2
2 3
3 4
4 5
5 6
5 7
4 8
3 9
2 10
1 11
0 12
plan  148
0 1
1 2
2 3
3 4
4 5
5 6
5 7
4 8
3 9
2 10
1 11
0 12
plan  149
0 1
1 2
2 3
3 4
4 5
5 6
5 7
4 8
3 9
2 10
1 11
0 12
plan  150
0 1
1 2
2 3
3 4
4 5
5 6
5 7
4 8
3 9
2 10
1 11
0 12
plan  151
0 1
1 2
2 3
3 4
4 5
5 6
5 7
4 8
3 9
2 10
1 11
0 12
plan  152
0 1
1 2
2 3
3 4
4 5
5 6
5 7
4 8
3 9
2 10
1 11
0 12
plan  153
0 1
1 2
2 3
3 4
4 5
5 6
5 7
4 8
3 9
2 10
1 11
0 12
plan  154
0 1
1 2
1 3
3 4
4 5
5 6
6 7
6 8
5 9
4 10
3 11
0 12
plan  155
0 1
1 2
2 3
3 4
4 5
5 6
5 7
4 8
3 9
2 10
1 11
0 12
plan  156
0 1
1 2
2 3
3 4
4 5
5 6
5 7
4 8
3 9
2 10
1 11
0 12
plan  157
0 1
1 2
2 3
3 4
4 5
5 6
5 7
4 8
3 9
2 10
1 11
0 12
plan  158
0 1
1 2
2 3
3 4
4 5
5 6
5 7
4 8
3 9
2 10
1 11
0 12
plan  159
0 1
1 2
2 3
3 4
4 5
5 6
5 7
4 8
3 9
2 10
1 11
0 12
plan  160
0 1
1 2
2 3
3 4
4 5
5 6
5 7
4 8
3 9
2 10
1 11
0 12
plan  161
0 1
1 2
1 3
3 4
4 5
5 6
6 7
6 8
5 9
4 10
3 11
0 12
plan  162
0 1
1 2
2 3
3 4
4 5
5 6
5 7
4 8
3 9
2 10
1 11
0 12
plan  163
0 1
1 2
2 3
3 4
4 5
5 6
5 7
4 8
3 9
2 10
1 11
0 12
plan  164
0 1
1 2
2 3
3 4
4 5
5 6
5 7
4 8
3 9
2 10
1 11
0 12
plan  165
0 1
1 2
2 3
3 4
4 5
5 6
5 7
4 8
3 9
2 10
1 11
0 12
plan  166
0 1
1 2
2 3
3 4
4 5
5 6
5 7
4 8
3 9
2 10
1 11
0 12
plan  167
0 1
1 2
2 3
3 4
4 5
5 6
5 7
4 8
3 9
2 10
1 11
0 12
plan  168
0 1
1 2
2 3
3 4
4 5
5 6
5 7
4 8
3 9
2 10
1 11
0 12
plan  169
0 1
1 2
2 3
3 4
4 5
5 6
5 7
4 8
3 9
2 10
1 11
0 12
plan  170
0 1
1 2
2 3
3 4
4 5
5 6
5 7
4 8
3 9
2 10
1 11
0 12
plan  171
0 1
1 2
1 3
3 4
4 5
5 6
6 7
6 8
5 9
4 10
3 11
0 12
plan  172
0 1
1 2
2 3
3 4
4 5
5 6
5 7
4 8
3 9
2 10
1 11
0 12
plan  173
0 1
1 2
1 3
3 4
4 5
5 6
6 7
6 8
5 9
4 10
3 11
0 12
plan  174
0 1
1 2
2 3
3 4
4 5
5 6
5 7
4 8
3 9
2 10
1 11
0 12
plan  175
0 1
1 2
2 3
3 4
4 5
5 6
5 7
4 8
3 9
2 10
1 11
0 12
plan  176
0 1
1 2
2 3
3 4
4 5
5 6
5 7
4 8
3 9
2 10
1 11
0 12
plan  177
0 1
1 2
2 3
3 4
4 5
5 6
5 7
4 8
3 9
2 10
1 11
0 12
plan  178
0 1
1 2
2 3
3 4
4 5
5 6
5 7
4 8
3 9
2 10
1 11
0 12
plan  179
0 1
1 2
2 3
3 4
4 5
5 6
5 7
4 8
3 9
2 10
1 11
0 12
plan  180
0 1
1 2
2 3
3 4
4 5
5 6
5 7
4 8
3 9
2 10
1 11
0 12
plan  181
0 1
1 2
2 3
3 4
4 5
5 6
5 7
4 8
3 9
2 10
1 11
0 12
plan  182
0 1
1 2
2 3
3 4
4 5
5 6
5 7
4 8
3 9
2 10
1 11
0 12
plan  183
0 1
1 2
1 3
3 4
4 5
5 6
6 7
6 8
5 9
4 10
3 11
0 12
plan  184
0 1
1 2
2 3
3 4
4 5
5 6
5 7
4 8
3 9
2 10
1 11
0 12
plan  185
0 1
1 2
2 3
3 4
4 5
5 6
5 7
4 8
3 9
2 10
1 11
0 12
plan  186
0 1
1 2
2 3
3 4
4 5
5 6
5 7
4 8
3 9
2 10
1 11
0 12
plan  187
0 1
1 2
2 3
3 4
4 5
5 6
5 7
4 8
3 9
2 10
1 11
0 12
plan  188
0 1
1 2
2 3
3 4
4 5
5 6
5 7
4 8
3 9
2 10
1 11
0 12
plan  189
0 1
1 2
2 3
3 4
4 5
5 6
5 7
4 8
3 9
2 10
1 11
0 12
plan  190
0 1
1 2
2 3
3 4
4 5
5 6
5 7
4 8
3 9
2 10
1 11
0 12
plan  191
0 1
1 2
2 3
3 4
4 5
5 6
5 7
4 8
3 9
2 10
1 11
0 12
plan  192
0 1
1 2
1 3
3 4
4 5
5 6
6 7
6 8
5 9
4 10
3 11
0 12
plan  193
0 1
1 2
2 3
3 4
4 5
4 6
6 7
6 8
3 9
2 10
1 11
0 12
plan  194
0 1
1 2
2 3
3 4
4 5
5 6
5 7
4 8
3 9
2 10
1 11
0 12
plan  195
0 1
1 2
2 3
3 4
4 5
5 6
5 7
4 8
3 9
2 10
1 11
0 12
plan  196
0 1
1 2
2 3
3 4
4 5
5 6
5 7
4 8
3 9
2 10
1 11
0 12
plan  197
0 1
1 2
2 3
3 4
4 5
5 6
5 7
4 8
3 9
2 10
1 11
0 12
plan  198
0 1
1 2
2 3
3 4
4 5
5 6
5 7
4 8
3 9
2 10
1 11
0 12
plan  199
0 1
1 2
2 3
3 4
4 5
5 6
5 7
4 8
3 9
2 10
1 11
0 12
plan  200
0 1
1 2
2 3
3 4
4 5
5 6
5 7
4 8
3 9
2 10
1 11
0 12
plan  201
0 1
1 2
2 3
3 4
4 5
5 6
5 7
4 8
3 9
2 10
1 11
0 12
plan  202
0 1
1 2
2 3
3 4
4 5
5 6
5 7
4 8
3 9
2 10
1 11
0 12
plan  203
0 1
1 2
2 3
3 4
4 5
5 6
5 7
4 8
3 9
2 10
1 11
0 12
plan  204
0 1
1 2
2 3
3 4
4 5
5 6
5 7
4 8
3 9
2 10
1 11
0 12
plan  205
0 1
1 2
2 3
3 4
4 5
5 6
5 7
4 8
3 9
2 10
1 11
0 12
plan  206
0 1
1 2
1 3
3 4
4 5
5 6
6 7
6 8
5 9
4 10
3 11
0 12
plan  207
0 1
1 2
1 3
3 4
4 5
5 6
6 7
6 8
5 9
4 10
3 11
0 12
plan  208
0 1
1 2
2 3
3 4
4 5
5 6
5 7
4 8
3 9
2 10
1 11
0 12
plan  209
0 1
1 2
2 3
3 4
4 5
5 6
5 7
4 8
3 9
2 10
1 11
0 12
plan  210
0 1
1 2
2 3
3 4
4 5
5 6
5 7
4 8
3 9
2 10
1 11
0 12
plan  211
0 1
1 2
2 3
3 4
4 5
5 6
5 7
4 8
3 9
2 10
1 11
0 12
plan  212
0 1
1 2
2 3
3 4
4 5
5 6
5 7
4 8
3 9
2 10
1 11
0 12
plan  213
0 1
1 2
2 3
3 4
4 5
5 6
5 7
4 8
3 9
2 10
1 11
0 12
plan  214
0 1
1 2
2 3
3 4
4 5
5 6
5 7
4 8
3 9
2 10
1 11
0 12
plan  215
0 1
1 2
2 3
3 4
4 5
5 6
5 7
4 8
3 9
2 10
1 11
0 12
plan  216
0 1
1 2
2 3
3 4
4 5
5 6
5 7
4 8
3 9
2 10
1 11
0 12
plan  217
0 1
1 2
2 3
3 4
4 5
5 6
5 7
4 8
3 9
2 10
1 11
0 12
plan  218
0 1
1 2
2 3
3 4
4 5
5 6
5 7
4 8
3 9
2 10
1 11
0 12
plan  219
0 1
1 2
2 3
3 4
4 5
5 6
5 7
4 8
3 9
2 10
1 11
0 12
plan  220
0 1
1 2
2 3
3 4
4 5
5 6
5 7
4 8
3 9
2 10
1 11
0 12
plan  221
0 1
1 2
2 3
3 4
4 5
5 6
5 7
4 8
3 9
2 10
1 11
0 12
plan  222
0 1
1 2
2 3
3 4
4 5
5 6
5 7
4 8
3 9
2 10
1 11
0 12
plan  223
0 1
1 2
2 3
3 4
4 5
5 6
5 7
4 8
3 9
2 10
1 11
0 12
plan  224
0 1
1 2
2 3
3 4
4 5
5 6
5 7
4 8
3 9
2 10
1 11
0 12
plan  225
0 1
1 2
2 3
3 4
4 5
5 6
5 7
4 8
3 9
2 10
1 11
0 12
plan  226
0 1
1 2
2 3
3 4
4 5
5 6
5 7
4 8
3 9
2 10
1 11
0 12
plan  227
0 1
1 2
2 3
3 4
4 5
5 6
5 7
4 8
3 9
2 10
1 11
0 12
plan  228
0 1
1 2
2 3
3 4
4 5
5 6
5 7
4 8
3 9
2 10
1 11
0 12
plan  229
0 1
1 2
2 3
3 4
4 5
5 6
5 7
4 8
3 9
2 10
1 11
0 12
plan  230
0 1
1 2
2 3
3 4
4 5
5 6
5 7
4 8
3 9
2 10
1 11
0 12
plan  231
0 1
1 2
2 3
3 4
4 5
5 6
5 7
4 8
3 9
2 10
1 11
0 12
plan  232
0 1
1 2
2 3
3 4
4 5
5 6
5 7
4 8
3 9
2 10
1 11
0 12
plan  233
0 1
1 2
2 3
3 4
4 5
5 6
5 7
4 8
3 9
2 10
1 11
0 12
plan  234
0 1
1 2
2 3
3 4
4 5
5 6
5 7
4 8
3 9
2 10
1 11
0 12
plan  235
0 1
1 2
2 3
3 4
4 5
5 6
5 7
4 8
3 9
2 10
1 11
0 12
plan  236
0 1
1 2
2 3
3 4
4 5
5 6
5 7
4 8
3 9
2 10
1 11
0 12
plan  237
0 1
1 2
2 3
3 4
4 5
5 6
5 7
4 8
3 9
2 10
1 11
0 12
plan  238
0 1
1 2
2 3
3 4
4 5
5 6
5 7
4 8
3 9
2 10
1 11
0 12
plan  239
0 1
1 2
2 3
3 4
4 5
5 6
5 7
4 8
3 9
2 10
1 11
0 12
plan  240
0 1
1 2
2 3
3 4
4 5
5 6
5 7
4 8
3 9
2 10
1 11
0 12
plan  241
0 1
1 2
2 3
3 4
4 5
5 6
5 7
4 8
3 9
2 10
1 11
0 12
plan  242
0 1
1 2
2 3
3 4
4 5
5 6
5 7
4 8
3 9
2 10
1 11
0 12
plan  243
0 1
1 2
2 3
3 4
4 5
5 6
5 7
4 8
3 9
2 10
1 11
0 12
plan  244
0 1
1 2
2 3
3 4
4 5
5 6
5 7
4 8
3 9
2 10
1 11
0 12
plan  245
0 1
1 2
2 3
3 4
4 5
5 6
5 7
4 8
3 9
2 10
1 11
0 12
plan  246
0 1
1 2
2 3
3 4
4 5
5 6
5 7
4 8
3 9
2 10
1 11
0 12
plan  247
0 1
1 2
2 3
3 4
4 5
5 6
5 7
4 8
3 9
2 10
1 11
0 12
plan  248
0 1
1 2
2 3
3 4
4 5
5 6
5 7
4 8
3 9
2 10
1 11
0 12
plan  249
0 1
1 2
2 3
3 4
4 5
5 6
5 7
4 8
3 9
2 10
1 11
0 12
plan  250
0 1
1 2
2 3
3 4
4 5
5 6
5 7
4 8
3 9
2 10
1 11
0 12
plan  251
0 1
1 2
2 3
3 4
4 5
5 6
5 7
4 8
3 9
2 10
1 11
0 12
plan  252
0 1
1 2
2 3
3 4
4 5
5 6
5 7
4 8
3 9
2 10
1 11
0 12
plan  253
0 1
1 2
2 3
3 4
4 5
5 6
5 7
4 8
3 9
2 10
1 11
0 12
plan  254
0 1
1 2
2 3
3 4
4 5
5 6
5 7
4 8
3 9
2 10
1 11
0 12
plan  255
0 1
1 2
2 3
3 4
4 5
5 6
5 7
4 8
3 9
2 10
1 11
0 12
plan  256
0 1
1 2
2 3
3 4
4 5
5 6
5 7
4 8
3 9
2 10
1 11
0 12
plan  257
0 1
1 2
2 3
3 4
4 5
5 6
5 7
4 8
3 9
2 10
1 11
0 12
plan  258
0 1
1 2
2 3
3 4
4 5
5 6
5 7
4 8
3 9
2 10
1 11
0 12
plan  259
0 1
1 2
2 3
3 4
4 5
5 6
5 7
4 8
3 9
2 10
1 11
0 12
plan  260
0 1
1 2
2 3
3 4
4 5
5 6
5 7
4 8
3 9
2 10
1 11
0 12
plan  261
0 1
1 2
2 3
3 4
4 5
5 6
5 7
4 8
3 9
2 10
1 11
0 12
plan  262
0 1
1 2
2 3
3 4
4 5
5 6
5 7
4 8
3 9
2 10
1 11
0 12
plan  263
0 1
1 2
2 3
3 4
4 5
5 6
5 7
4 8
3 9
2 10
1 11
0 12
plan  264
0 1
1 2
2 3
3 4
4 5
5 6
5 7
4 8
3 9
2 10
1 11
0 12
plan  265
0 1
1 2
1 3
3 4
4 5
5 6
6 7
6 8
5 9
4 10
3 11
0 12
plan  266
0 1
1 2
2 3
3 4
4 5
4 6
3 7
2 8
1 9
0 10
plan  267
0 1
1 2
2 3
3 4
4 5
4 6
3 7
2 8
1 9
0 10
plan  268
0 1
1 2
2 3
3 4
4 5
4 6
3 7
2 8
1 9
0 10
plan  269
0 1
1 2
2 3
3 4
4 5
4 6
3 7
2 8
1 9
0 10
plan  270
0 1
1 2
2 3
3 4
4 5
4 6
3 7
2 8
1 9
0 10
plan  271
0 1
1 2
2 3
3 4
4 5
4 6
3 7
2 8
1 9
0 10
plan  272
0 1
1 2
2 3
3 4
4 5
4 6
3 7
2 8
1 9
0 10
plan  273
0 1
1 2
2 3
3 4
4 5
4 6
3 7
2 8
1 9
0 10
plan  274
0 1
1 2
2 3
3 4
4 5
4 6
3 7
2 8
1 9
0 10
plan  275
0 1
1 2
2 3
3 4
4 5
4 6
3 7
2 8
1 9
0 10
plan  276
0 1
1 2
2 3
3 4
4 5
4 6
3 7
2 8
1 9
0 10
plan  277
0 1
1 2
2 3
3 4
3 5
2 6
6 7
6 8
1 9
0 10
plan  278
0 1
1 2
2 3
3 4
4 5
4 6
3 7
2 8
1 9
0 10
plan  279
0 1
1 2
2 3
3 4
4 5
4 6
3 7
2 8
1 9
0 10
plan  280
0 1
1 2
2 3
3 4
4 5
5 6
5 7
4 8
3 9
2 10
1 11
0 12
plan  281
0 1
1 2
2 3
3 4
4 5
4 6
6 7
6 8
3 9
2 10
1 11
0 12
plan  282
0 1
1 2
2 3
3 4
4 5
4 6
6 7
6 8
3 9
2 10
1 11
0 12
plan  283
0 1
1 2
2 3
2 4
4 5
5 6
6 7
6 8
5 9
4 10
1 11
0 12
plan  284
0 1
1 2
2 3
3 4
4 5
5 6
5 7
4 8
3 9
2 10
1 11
0 12
plan  285
0 1
1 2
2 3
3 4
4 5
5 6
5 7
4 8
3 9
2 10
1 11
0 12
plan  286
0 1
1 2
2 3
3 4
4 5
5 6
5 7
4 8
3 9
2 10
1 11
0 12
plan  287
0 1
1 2
2 3
3 4
4 5
4 6
6 7
6 8
3 9
2 10
1 11
0 12
plan  288
0 1
1 2
2 3
3 4
4 5
5 6
5 7
4 8
3 9
2 10
1 11
0 12
plan  289
0 1
1 2
2 3
3 4
4 5
5 6
5 7
4 8
3 9
2 10
1 11
0 12
plan  290
0 1
1 2
2 3
3 4
4 5
5 6
5 7
4 8
3 9
2 10
1 11
0 12
plan  291
0 1
1 2
2 3
3 4
4 5
5 6
5 7
4 8
3 9
2 10
1 11
0 12
plan  292
0 1
1 2
2 3
3 4
4 5
4 6
6 7
6 8
3 9
2 10
1 11
0 12
plan  293
0 1
1 2
2 3
3 4
4 5
5 6
5 7
4 8
3 9
2 10
1 11
0 12
plan  294
0 1
1 2
2 3
3 4
4 5
5 6
5 7
4 8
3 9
2 10
1 11
0 12
plan  295
0 1
1 2
2 3
3 4
4 5
4 6
6 7
6 8
3 9
2 10
1 11
0 12
plan  296
0 1
1 2
2 3
3 4
4 5
5 6
5 7
4 8
3 9
2 10
1 11
0 12
plan  297
0 1
1 2
2 3
3 4
4 5
5 6
5 7
4 8
3 9
2 10
1 11
0 12
plan  298
0 1
1 2
2 3
3 4
4 5
5 6
5 7
4 8
3 9
2 10
1 11
0 12
plan  299
0 1
1 2
2 3
3 4
4 5
5 6
5 7
4 8
3 9
2 10
1 11
0 12
plan  300
0 1
1 2
2 3
3 4
4 5
5 6
5 7
4 8
3 9
2 10
1 11
0 12
plan  301
0 1
1 2
2 3
3 4
4 5
4 6
6 7
6 8
3 9
2 10
1 11
0 12
plan  302
0 1
1 2
2 3
3 4
4 5
5 6
5 7
4 8
3 9
2 10
1 11
0 12
plan  303
0 1
1 2
2 3
3 4
4 5
5 6
5 7
4 8
3 9
2 10
1 11
0 12
plan  304
0 1
1 2
2 3
3 4
4 5
5 6
5 7
4 8
3 9
2 10
1 11
0 12
plan  305
0 1
1 2
2 3
3 4
4 5
5 6
5 7
4 8
3 9
2 10
1 11
0 12
plan  306
0 1
1 2
2 3
3 4
4 5
5 6
5 7
4 8
3 9
2 10
1 11
0 12
plan  307
0 1
1 2
1 3
3 4
4 5
5 6
6 7
6 8
5 9
4 10
3 11
0 12
plan  308
0 1
1 2
2 3
3 4
4 5
4 6
6 7
6 8
3 9
2 10
1 11
0 12
plan  309
0 1
1 2
2 3
3 4
4 5
5 6
5 7
4 8
3 9
2 10
1 11
0 12
plan  310
0 1
1 2
2 3
3 4
4 5
5 6
5 7
4 8
3 9
2 10
1 11
0 12
plan  311
0 1
1 2
2 3
3 4
4 5
4 6
6 7
6 8
3 9
2 10
1 11
0 12
plan  312
0 1
1 2
2 3
3 4
4 5
5 6
5 7
4 8
3 9
2 10
1 11
0 12
plan  313
0 1
1 2
2 3
3 4
4 5
5 6
5 7
4 8
3 9
2 10
1 11
0 12
plan  314
0 1
1 2
2 3
3 4
4 5
5 6
5 7
4 8
3 9
2 10
1 11
0 12
plan  315
0 1
1 2
2 3
3 4
4 5
5 6
5 7
4 8
3 9
2 10
1 11
0 12
plan  316
0 1
1 2
2 3
3 4
4 5
5 6
5 7
4 8
3 9
2 10
1 11
0 12
plan  317
0 1
1 2
2 3
3 4
4 5
5 6
5 7
4 8
3 9
2 10
1 11
0 12
plan  318
0 1
1 2
2 3
3 4
4 5
5 6
5 7
4 8
3 9
2 10
1 11
0 12
plan  319
0 1
1 2
2 3
3 4
4 5
5 6
5 7
4 8
3 9
2 10
1 11
0 12
plan  320
0 1
1 2
2 3
3 4
4 5
5 6
5 7
4 8
3 9
2 10
1 11
0 12
plan  321
0 1
1 2
2 3
3 4
4 5
5 6
5 7
4 8
3 9
2 10
1 11
0 12
plan  322
0 1
1 2
2 3
3 4
4 5
5 6
5 7
4 8
3 9
2 10
1 11
0 12
plan  323
0 1
1 2
2 3
3 4
4 5
5 6
5 7
4 8
3 9
2 10
1 11
0 12
plan  324
0 1
1 2
2 3
3 4
4 5
5 6
5 7
4 8
3 9
2 10
1 11
0 12
plan  325
0 1
1 2
2 3
3 4
4 5
5 6
5 7
4 8
3 9
2 10
1 11
0 12
plan  326
0 1
1 2
2 3
3 4
4 5
5 6
5 7
4 8
3 9
2 10
1 11
0 12
plan  327
0 1
1 2
2 3
3 4
4 5
4 6
6 7
6 8
3 9
2 10
1 11
0 12
plan  328
0 1
1 2
2 3
3 4
4 5
5 6
5 7
4 8
3 9
2 10
1 11
0 12
plan  329
0 1
1 2
2 3
3 4
4 5
5 6
5 7
4 8
3 9
2 10
1 11
0 12
plan  330
0 1
1 2
2 3
3 4
4 5
5 6
5 7
4 8
3 9
2 10
1 11
0 12
plan  331
0 1
1 2
2 3
3 4
4 5
5 6
5 7
4 8
3 9
2 10
1 11
0 12
plan  332
0 1
1 2
2 3
3 4
4 5
5 6
5 7
4 8
3 9
2 10
1 11
0 12
plan  333
0 1
1 2
2 3
3 4
4 5
5 6
5 7
4 8
3 9
2 10
1 11
0 12
plan  334
0 1
1 2
2 3
3 4
4 5
5 6
5 7
4 8
3 9
2 10
1 11
0 12
plan  335
0 1
1 2
2 3
3 4
4 5
5 6
5 7
4 8
3 9
2 10
1 11
0 12
plan  336
0 1
1 2
2 3
3 4
4 5
5 6
5 7
4 8
3 9
2 10
1 11
0 12
plan  337
0 1
1 2
2 3
3 4
4 5
5 6
5 7
4 8
3 9
2 10
1 11
0 12
plan  338
0 1
1 2
2 3
3 4
4 5
5 6
5 7
4 8
3 9
2 10
1 11
0 12
plan  339
0 1
1 2
2 3
3 4
4 5
5 6
5 7
4 8
3 9
2 10
1 11
0 12
plan  340
0 1
1 2
2 3
3 4
4 5
5 6
5 7
4 8
3 9
2 10
1 11
0 12
plan  341
0 1
1 2
2 3
3 4
4 5
5 6
5 7
4 8
3 9
2 10
1 11
0 12
plan  342
0 1
1 2
2 3
3 4
4 5
5 6
5 7
4 8
3 9
2 10
1 11
0 12
plan  343
0 1
1 2
2 3
3 4
4 5
5 6
5 7
4 8
3 9
2 10
1 11
0 12
plan  344
0 1
1 2
2 3
3 4
4 5
4 6
6 7
6 8
3 9
2 10
1 11
0 12
plan  345
0 1
1 2
2 3
3 4
4 5
5 6
5 7
4 8
3 9
2 10
1 11
0 12
plan  346
0 1
1 2
2 3
3 4
4 5
4 6
6 7
6 8
3 9
2 10
1 11
0 12
