plan  1
5630322 452965
49425993 13301
477429 1191421
428700 299463
433788 779289
321190 36345
2609129 2609129
14835720 14835720
2528312 2528312
36244344 36244344
4523930 4523930
134170 134170
1380035 1380035
plan  2
504 2517646
504 134170
57 692629
3 4223563
1 342020
1 842770
1380035 1380035
2528312 2528312
2609129 2609129
36244344 36244344
4523930 4523930
134170 134170
14835720 14835720
plan  3
12844542 909648
25169667 59994
346824 729976
44343 625336
52167 349988
70509 254655
2528312 2528312
2609129 2609129
1380035 1380035
14835720 14835720
4523930 4523930
59994 59994
36244344 36244344
plan  4
37455612 863239
414462 2281565
2442192 59482
298293 596283
227094 460012
107307 392884
2528312 2528312
2609129 2609129
1380035 1380035
4523930 4523930
59994 59994
14835720 14835720
36244344 36244344
plan  5
174690303 26830
9030948 992003
97632 841288
5214 828785
6366 240280
793725 2145
2528312 2528312
14835720 14835720
1380035 1380035
2609129 2609129
4523930 4523930
36244344 36244344
59994 59994
plan  6
40443366 102866
16137156 2483991
504312 59994
114009 802053
32220 220593
11092 752319
1380035 1380035
2528312 2528312
4523930 4523930
2609129 2609129
59994 59994
36244344 36244344
134170 134170
plan  7
21795738 2483991
7265247 441022
10054761 92252
282183 879304
60063 47056
662868 3207
2609129 2609129
14835720 14835720
59994 59994
4523930 4523930
134170 134170
1380035 1380035
36244344 36244344
plan  8
720 95947
240 369167
15 4945240
15 567848
1 716620
1 760559
4523930 4523930
2528312 2528312
2609129 2609129
36244344 36244344
14835720 14835720
1380035 1380035
134170 134170
plan  9
84384 129227
25756626 59994
391050 890513
29013 819393
12294 439080
38934 122739
2528312 2528312
14835720 14835720
1380035 1380035
2609129 2609129
4523930 4523930
59994 59994
134170 134170
plan  10
1296 8449241
1296 116184
36 4945240
12 423250
1 846328
1 797554
4523930 4523930
2528312 2528312
2609129 2609129
1380035 1380035
14835720 14835720
134170 134170
36244344 36244344
plan  11
540 120286
90 954388
30 114583
3 2483991
1 220470
1 794060
14835720 14835720
2528312 2528312
2609129 2609129
36244344 36244344
1380035 1380035
4523930 4523930
134170 134170
plan  12
55456140 58570
72069666 106116
524493 1507977
56937 304257
142563 410102
92134 60037
36244344 36244344
14835720 14835720
2528312 2528312
2609129 2609129
4523930 4523930
134170 134170
59994 59994
plan  13
1660824 4223563
38611164 59994
364473 1498431
19761 817554
6471 459998
798232 2179
2528312 2528312
14835720 14835720
1380035 1380035
2609129 2609129
4523930 4523930
59994 59994
36244344 36244344
plan  14
468 2379620
468 2372935
840 64600
12 1507977
12 776805
2 191128
59994 59994
2609129 2609129
2528312 2528312
4523930 4523930
134170 134170
36244344 36244344
14835720 14835720
plan  15
858 4945240
858 103917
285 219757
12 2758933
1 785961
1 764147
4523930 4523930
2528312 2528312
2609129 2609129
36244344 36244344
1380035 1380035
134170 134170
14835720 14835720
plan  16
359244 100029
26826567 567848
693342 869710
8985 2153729
51207 26666
20397 594124
2528312 2528312
4523930 4523930
59994 59994
14835720 14835720
2609129 2609129
36244344 36244344
134170 134170
plan  17
576 134170
192 243101
12 1691085
12 257891
1 407574
1 798224
4523930 4523930
2528312 2528312
2609129 2609129
36244344 36244344
14835720 14835720
1380035 1380035
134170 134170
plan  18
24410871 4223563
502503 869710
905487 79558
14448 947098
114666 512818
2528309 38222
2528312 2528312
59994 59994
14835720 14835720
4523930 4523930
134170 134170
2609129 2609129
36244344 36244344
plan  19
450 4939404
750 58471
30 746052
9 403587
1 1336012
1 798161
2609129 2609129
2528312 2528312
36244344 36244344
1380035 1380035
4523930 4523930
134170 134170
14835720 14835720
plan  20
1404 3181062
1404 88976
39 11984001
12 358423
1 225612
1 792667
4523930 4523930
2528312 2528312
2609129 2609129
1380035 1380035
36244344 36244344
134170 134170
14835720 14835720
plan  21
480 127279
3720 23624
3606 826321
1269 234190
2010 211753
5016 92134
2528312 2528312
36244344 36244344
4523930 4523930
1380035 1380035
14835720 14835720
59994 59994
134170 134170
plan  22
2592 41107
96 3632130
33 172715
3 4223563
1 314069
1 798232
4523930 4523930
2528312 2528312
2609129 2609129
36244344 36244344
1380035 1380035
14835720 14835720
134170 134170
plan  23
621 112343
207 440682
9 5573050
9 171832
1 669282
1 842771
4523930 4523930
2528312 2528312
2609129 2609129
14835720 14835720
36244344 36244344
1380035 1380035
134170 134170
plan  24
138840840 42234
3219744 4223563
5858985 80403
73353 996994
6252 352857
344165 2141
2528312 2528312
14835720 14835720
2609129 2609129
4523930 4523930
134170 134170
36244344 36244344
59994 59994
plan  25
49654959 26108
12242595 5168155
337746 1038305
32169 869710
756 4591843
49734 9775
59994 59994
2528312 2528312
14835720 14835720
2609129 2609129
4523930 4523930
36244344 36244344
134170 134170
plan  26
1396755 124865
25891248 4223563
2325993 50732
47325 661975
47985 798230
732871 1721
2609129 2609129
14835720 14835720
2528312 2528312
4523930 4523930
59994 59994
36244344 36244344
134170 134170
plan  27
606 12081448
990 94028
270 37378
198 598258
183 315416
1977 44538
1380035 1380035
2528312 2528312
4523930 4523930
2609129 2609129
59994 59994
134170 134170
36244344 36244344
plan  28
1431 10985695
1911 105539
90 537319
84 368975
30 259062
1557 1859
2528312 2528312
14835720 14835720
1380035 1380035
2609129 2609129
4523930 4523930
134170 134170
36244344 36244344
plan  29
1980 79827
252 4443559
3732 6900
405 1024444
204 869710
4000 9775
1380035 1380035
2528312 2528312
2609129 2609129
4523930 4523930
59994 59994
14835720 14835720
134170 134170
plan  30
651 103139
27 1088799
27 162185
3 3056974
1 730720
1 766822
1380035 1380035
2528312 2528312
2609129 2609129
36244344 36244344
14835720 14835720
4523930 4523930
134170 134170
plan  31
684 59784
228 117143
228 267380
18 3889297
1 785045
1 432668
4523930 4523930
2528312 2528312
2609129 2609129
36244344 36244344
14835720 14835720
1380035 1380035
134170 134170
plan  32
46013799 364519
214194 2416262
294837 583736
241399 33759
2609129 2609129
156963 14434
47805 173495
134170 134170
4523930 4523930
59994 59994
2528312 2528312
14835720 14835720
36244344 36244344
plan  33
583707 12081448
612288 128412
12804 1500631
6075 153535
6075 795913
129755 2205
2609129 2609129
14835720 14835720
2528312 2528312
1380035 1380035
4523930 4523930
134170 134170
36244344 36244344
plan  34
630 8679023
133101 630
134170 134170
10755 3152
10635 684043
4686 460012
4848 309870
2528312 2528312
4523930 4523930
1380035 1380035
2609129 2609129
59994 59994
36244344 36244344
plan  35
864 30747
288 154296
12 4056110
6 567848
1 635649
1 740054
4523930 4523930
2528312 2528312
2609129 2609129
36244344 36244344
14835720 14835720
1380035 1380035
134170 134170
plan  36
14657976 130352
3020058 14264
251607 468013
251607 842771
389568 109619
109499 161095
1380035 1380035
2609129 2609129
14835720 14835720
2528312 2528312
4523930 4523930
59994 59994
134170 134170
plan  37
1293534 9820760
27877086 59994
266331 4636826
16026 674585
11847 452453
7721 326668
2528312 2528312
1380035 1380035
2609129 2609129
4523930 4523930
14835720 14835720
59994 59994
36244344 36244344
plan  38
237 4675291
471 109789
60 1430140
1 12081448
1 127374
1 749107
1380035 1380035
2528312 2528312
2609129 2609129
36244344 36244344
4523930 4523930
134170 134170
14835720 14835720
plan  39
702 124991
234 233422
3 1633506
3 364519
1 516088
1 793725
4523930 4523930
2528312 2528312
2609129 2609129
36244344 36244344
14835720 14835720
1380035 1380035
134170 134170
plan  40
660 76507
219 460012
12 2184463
12 567848
1 801262
1 842770
4523930 4523930
2528312 2528312
2609129 2609129
36244344 36244344
14835720 14835720
1380035 1380035
134170 134170
plan  41
4860 10612
810 3668096
177 46856
36 670986
42 63014
1257 5362
2528312 2528312
14835720 14835720
1380035 1380035
2609129 2609129
4523930 4523930
36244344 36244344
134170 134170
plan  42
129672402 42450
2531817 4223563
59103 877605
5883 595176
2253 429341
97229 6068
2528312 2528312
14835720 14835720
1380035 1380035
2609129 2609129
4523930 4523930
36244344 36244344
59994 59994
plan  43
660 3086431
780 115662
30 1364076
9 460012
1 2483991
1 774922
2609129 2609129
2528312 2528312
36244344 36244344
1380035 1380035
4523930 4523930
134170 134170
14835720 14835720
plan  44
720 101394
240 239606
9 1345031
6 257891
1 869710
1 732852
4523930 4523930
2528312 2528312
2609129 2609129
36244344 36244344
14835720 14835720
1380035 1380035
134170 134170
plan  45
408 11266684
816 115654
225 59994
234 381946
141 116303
4644 27046
2528312 2528312
4523930 4523930
1380035 1380035
2609129 2609129
59994 59994
134170 134170
36244344 36244344
plan  46
2256 78356
217215 10402
13233 461493
4824 429633
6060 709686
299463 2205
36244344 36244344
14835720 14835720
2528312 2528312
1380035 1380035
4523930 4523930
59994 59994
134170 134170
plan  47
148881888 39642
4484583 1441006
5226942 118493
51675 1361292
51939 359331
281739 2115
2609129 2609129
14835720 14835720
2528312 2528312
4523930 4523930
134170 134170
36244344 36244344
59994 59994
plan  48
1164 102078
387 350991
3 3896607
3 257891
1 373671
1 842771
4523930 4523930
2528312 2528312
2609129 2609129
36244344 36244344
14835720 14835720
1380035 1380035
134170 134170
plan  49
1860 54436
3132 78128
228 1136473
246 126117
29577 2199
6387 7387
1380035 1380035
2609129 2609129
14835720 14835720
2528312 2528312
4523930 4523930
134170 134170
59994 59994
plan  50
8619 134170
459 531043
453 441787
180 217411
336 149413
594 92134
2528312 2528312
36244344 36244344
2609129 2609129
1380035 1380035
14835720 14835720
4523930 4523930
134170 134170
plan  51
1920 3297033
2304 116883
96 8478448
9 592878
1 422805
1 842771
1380035 1380035
2528312 2528312
2609129 2609129
4523930 4523930
36244344 36244344
134170 134170
14835720 14835720
plan  52
864 82499
216 727867
24 4945240
12 590341
12 753832
4 21784
59994 59994
1380035 1380035
2528312 2528312
2609129 2609129
14835720 14835720
4523930 4523930
134170 134170
plan  53
954 2483991
134170 954
134170 134170
1137 18560
996 658615
426 312552
4550 35707
2528312 2528312
4523930 4523930
1380035 1380035
2609129 2609129
59994 59994
36244344 36244344
plan  54
3228666 123008
17041608 16770
575481 554013
70263 361677
70263 842771
299463 22675
36244344 36244344
14835720 14835720
2528312 2528312
2609129 2609129
4523930 4523930
59994 59994
134170 134170
plan  55
16956600 2483991
5519217 59994
347928 645543
64698 449990
30258 381230
45736 359224
2528312 2528312
14835720 14835720
1380035 1380035
2609129 2609129
4523930 4523930
59994 59994
36244344 36244344
plan  56
2781 75526
21 1391756
21 364519
12 210815
6 69302
2810 157
2528312 2528312
14835720 14835720
1380035 1380035
2609129 2609129
36244344 36244344
4523930 4523930
134170 134170
plan  57
432 15244
531 105357
177 285018
27 23468
1110 104954
7374 6068
2609129 2609129
14835720 14835720
2528312 2528312
4523930 4523930
1380035 1380035
134170 134170
59994 59994
plan  58
1350 40792
450 460012
15 3325505
15 299463
1 560510
1 706060
4523930 4523930
2528312 2528312
2609129 2609129
36244344 36244344
14835720 14835720
1380035 1380035
134170 134170
plan  59
1385106 134170
33089319 602969
718539 332509
101955 310316
192279 38254
92134 122739
36244344 36244344
14835720 14835720
59994 59994
2609129 2609129
4523930 4523930
2528312 2528312
134170 134170
plan  60
690 4001721
134170 690
134170 134170
101457 992
38655 909648
13878 314572
47937 131662
2528312 2528312
1380035 1380035
4523930 4523930
36244344 36244344
59994 59994
14835720 14835720
plan  61
67170522 257891
518940 4945240
626946 109577
50484 486631
200916 614313
634208 27822
1380035 1380035
59994 59994
2528312 2528312
4523930 4523930
134170 134170
14835720 14835720
36244344 36244344
plan  62
28565490 2483991
1297488 1021961
15324 4523022
132576 59956
125037 313813
97229 299462
2528312 2528312
2609129 2609129
1380035 1380035
59994 59994
14835720 14835720
4523930 4523930
36244344 36244344
plan  63
1728 1336012
2136 108659
228 860883
18 809155
6 324196
849 2141
2528312 2528312
14835720 14835720
1380035 1380035
2609129 2609129
4523930 4523930
134170 134170
36244344 36244344
plan  64
624 76386
207 236822
12 774832
12 364519
1 805266
1 454790
4523930 4523930
2528312 2528312
2609129 2609129
36244344 36244344
14835720 14835720
1380035 1380035
134170 134170
plan  65
3420 27883
57 1039377
18 452431
18 12328
1 2483991
1 842771
2609129 2609129
2528312 2528312
36244344 36244344
14835720 14835720
1380035 1380035
4523930 4523930
134170 134170
plan  66
117642 33839
22853952 567848
279492 514782
43458 162185
8760 767957
16742 5286
59994 59994
1380035 1380035
2609129 2609129
14835720 14835720
4523930 4523930
36244344 36244344
134170 134170
plan  67
4026 1012
360 590075
60 836841
24 445411
18 567848
1257 1599
2528312 2528312
14835720 14835720
36244344 36244344
1380035 1380035
2609129 2609129
4523930 4523930
134170 134170
plan  68
4200 62214
105 1424955
15 2391998
6 4463676
1 335508
1 104954
1380035 1380035
2528312 2528312
2609129 2609129
36244344 36244344
14835720 14835720
4523930 4523930
134170 134170
plan  69
2730 58854
78 2707715
27 444487
12 1441006
1 606495
1 842771
4523930 4523930
2528312 2528312
2609129 2609129
36244344 36244344
1380035 1380035
14835720 14835720
134170 134170
plan  70
4890 43198
87 1507977
87 212583
45 282902
57 92134
20397 1028
2528312 2528312
14835720 14835720
36244344 36244344
2609129 2609129
1380035 1380035
4523930 4523930
134170 134170
plan  71
1944 84426
198768 14200
3072 1507977
2430 453221
1275 385341
129729 2053
2528312 2528312
14835720 14835720
1380035 1380035
2609129 2609129
4523930 4523930
59994 59994
134170 134170
plan  72
8667 2483991
12529212 44984
87017841 19572
679509 1507977
690174 749673
246846 36345
2609129 2609129
14835720 14835720
2528312 2528312
4523930 4523930
134170 134170
59994 59994
36244344 36244344
plan  73
7860 40542
70272 12063
1527 840549
14202 96703
31098 233830
202180 2195
2609129 2609129
14835720 14835720
2528312 2528312
1380035 1380035
4523930 4523930
134170 134170
59994 59994
plan  74
2100 116561
36 270563
15 460012
3 523763
18 123727
900 1599
2528312 2528312
14835720 14835720
36244344 36244344
2609129 2609129
1380035 1380035
4523930 4523930
134170 134170
plan  75
972 134170
324 563301
9 11721915
3 332188
1 866152
1 331516
4523930 4523930
2528312 2528312
2609129 2609129
1380035 1380035
36244344 36244344
14835720 14835720
134170 134170
plan  76
1230 7395250
2268 79479
348 59994
198 299147
22254 107307
1697 74498
2609129 2609129
4523930 4523930
2528312 2528312
1380035 1380035
59994 59994
134170 134170
36244344 36244344
plan  77
2106 1833567
2106 113027
39 10033816
12 221374
1 869710
1 781915
4523930 4523930
2528312 2528312
2609129 2609129
1380035 1380035
36244344 36244344
134170 134170
14835720 14835720
plan  78
52079886 661182
7373160 300537
126888 644980
12540 458172
4317 289172
14540 92134
59994 59994
36244344 36244344
1380035 1380035
4523930 4523930
14835720 14835720
2609129 2609129
2528312 2528312
plan  79
1548 130532
156 1175452
897 1310
1128 567848
59622 40621
20565 749107
1380035 1380035
2528312 2528312
14835720 14835720
36244344 36244344
59994 59994
4523930 4523930
134170 134170
plan  80
3324 38126
5436 576812
426 474630
141 213254
81 364519
1050 20376
59994 59994
14835720 14835720
36244344 36244344
1380035 1380035
4523930 4523930
2528312 2528312
134170 134170
plan  81
2041068 9511317
32724240 48568
311994 1419306
98970 460012
98970 627695
498354 2011
2609129 2609129
14835720 14835720
2528312 2528312
1380035 1380035
4523930 4523930
59994 59994
36244344 36244344
plan  82
29781 1336012
44386833 48160
1637304 831754
3742083 52899
107268 721106
740054 36345
2528312 2528312
14835720 14835720
4523930 4523930
134170 134170
2609129 2609129
59994 59994
36244344 36244344
plan  83
2775 59396
75 690099
24 416657
6 3067605
1 703976
1 513359
14835720 14835720
2528312 2528312
2609129 2609129
36244344 36244344
1380035 1380035
4523930 4523930
134170 134170
plan  84
594 7586348
2865 36010
75 436139
24 460012
66 93215
4674 2207
2528312 2528312
14835720 14835720
2609129 2609129
1380035 1380035
4523930 4523930
134170 134170
36244344 36244344
plan  85
3360 134170
153 166607
2883 105373
2940 548745
990 16345
11769 1721
2609129 2609129
14835720 14835720
1380035 1380035
2528312 2528312
36244344 36244344
4523930 4523930
134170 134170
plan  86
197404533 51634
6322761 1441006
7037184 122758
111714 1041046
6579 676517
359331 2207
2528312 2528312
14835720 14835720
2609129 2609129
4523930 4523930
134170 134170
36244344 36244344
59994 59994
plan  87
42812949 387981
455541 670930
90552 909648
7065 261492
30402 19876
3138 319235
134170 134170
4523930 4523930
59994 59994
2609129 2609129
36244344 36244344
14835720 14835720
2528312 2528312
plan  88
1656 10690781
2091 110629
111 662853
36 460012
6 531253
849 2207
2528312 2528312
14835720 14835720
2609129 2609129
1380035 1380035
4523930 4523930
134170 134170
36244344 36244344
plan  89
8556 11414514
2850 57114
450 806995
510 122739
213 32297
4838 17177
2528312 2528312
4523930 4523930
1380035 1380035
14835720 14835720
2609129 2609129
59994 59994
36244344 36244344
plan  90
4008 34474
126 843009
42 460012
42 772261
15 755355
1734 2047
59994 59994
14835720 14835720
2609129 2609129
2528312 2528312
1380035 1380035
4523930 4523930
134170 134170
plan  91
57144675 567848
1056555 4161238
3425055 47538
868149 951666
348113 737816
2609129 2609129
2528312 2528312
25343 1507977
134170 134170
4523930 4523930
59994 59994
14835720 14835720
36244344 36244344
plan  92
720 133105
240 374709
120 511303
24 1441006
1 759934
1 239801
4523930 4523930
2528312 2528312
2609129 2609129
36244344 36244344
14835720 14835720
1380035 1380035
134170 134170
plan  93
24009408 69327
675324 11746079
353226 800888
19854 1507977
28059 41638
51917 214000
1380035 1380035
2528312 2528312
59994 59994
4523930 4523930
2609129 2609129
36244344 36244344
134170 134170
plan  94
4011 14521
33 655400
1 4746787
1 299463
1 608675
1 842771
1380035 1380035
2528312 2528312
2609129 2609129
36244344 36244344
14835720 14835720
4523930 4523930
134170 134170
plan  95
1089 9854184
1089 134170
33 694338
3 1367034
1 675111
1 842625
1380035 1380035
2528312 2528312
2609129 2609129
14835720 14835720
4523930 4523930
134170 134170
36244344 36244344
plan  96
366 12081448
1095 58521
21 1457946
12 493333
3 188829
2484 2207
2528312 2528312
14835720 14835720
1380035 1380035
2609129 2609129
4523930 4523930
134170 134170
36244344 36244344
plan  97
990 109474
90 4945240
6453 2412
2694 359699
2196 181968
3198 170829
2528312 2528312
4523930 4523930
2609129 2609129
1380035 1380035
59994 59994
14835720 14835720
134170 134170
plan  98
80721552 41698
20240187 1336012
236349 977690
12993 798165
6597 377350
548745 2199
2528312 2528312
14835720 14835720
1380035 1380035
2609129 2609129
4523930 4523930
36244344 36244344
59994 59994
plan  99
4410 36455
210 4334655
69 408653
1 4223563
1 212202
1 820836
4523930 4523930
2528312 2528312
2609129 2609129
36244344 36244344
1380035 1380035
14835720 14835720
134170 134170
plan  100
121380 10570905
714 4945240
825 120503
3 1448927
1 374683
1 842770
2609129 2609129
2528312 2528312
1380035 1380035
4523930 4523930
134170 134170
14835720 14835720
36244344 36244344
plan  101
1155 98932
384 116886
54 2161718
1 5336904
1 188062
1 720287
4523930 4523930
2528312 2528312
2609129 2609129
36244344 36244344
14835720 14835720
1380035 1380035
134170 134170
plan  102
1938 4570635
93104 2520
134170 134170
11106 14508
14475 299463
4065 76422
39539 91167
1380035 1380035
2528312 2528312
4523930 4523930
36244344 36244344
59994 59994
14835720 14835720
plan  103
2262 84559
753 247726
57 1012240
3 2773029
1 36278
1 449630
4523930 4523930
2528312 2528312
2609129 2609129
36244344 36244344
14835720 14835720
1380035 1380035
134170 134170
plan  104
1323 125918
441 63974
9 4684692
9 299463
1 723152
1 842771
4523930 4523930
2528312 2528312
2609129 2609129
36244344 36244344
14835720 14835720
1380035 1380035
134170 134170
plan  105
1287 121119
183 2527760
1087893 1886
33618 1324787
6429 682786
122483 3207
2528312 2528312
14835720 14835720
2609129 2609129
4523930 4523930
59994 59994
36244344 36244344
134170 134170
plan  106
663 46090
3 1022453
1 460012
1 199486
1 105373
1 482383
2609129 2609129
2528312 2528312
36244344 36244344
14835720 14835720
1380035 1380035
4523930 4523930
134170 134170
plan  107
3544320 2483991
219288 853850
406944 67429
34098 532605
105588 768650
997929 14686
1380035 1380035
59994 59994
2528312 2528312
4523930 4523930
134170 134170
2609129 2609129
36244344 36244344
plan  108
9762 1010759
3762 909648
5721 77094
705 1507977
687 390524
904 167017
2528312 2528312
1380035 1380035
2609129 2609129
4523930 4523930
134170 134170
36244344 36244344
14835720 14835720
plan  109
8859 3426
1770 9790601
4020 43829
420 592818
75 191712
3626 2198
2528312 2528312
14835720 14835720
4523930 4523930
2609129 2609129
134170 134170
36244344 36244344
59994 59994
plan  110
6975 110557
156 955898
6 6638695
6 90323
1 816025
1 669549
1380035 1380035
2528312 2528312
2609129 2609129
14835720 14835720
36244344 36244344
4523930 4523930
134170 134170
plan  111
7335 12031051
43524 20725
789 1500122
342 215014
39 427684
908 2147
2528312 2528312
14835720 14835720
2609129 2609129
1380035 1380035
4523930 4523930
134170 134170
36244344 36244344
plan  112
306 1171246
306 105131
18 5090981
6 405068
1 781755
1 797944
4523930 4523930
2528312 2528312
2609129 2609129
1380035 1380035
36244344 36244344
134170 134170
14835720 14835720
plan  113
294186 89528
2470140 567848
126450 1342216
3264 4945240
10890 51582
83026 100831
2528312 2528312
1380035 1380035
59994 59994
14835720 14835720
4523930 4523930
36244344 36244344
134170 134170
plan  114
22125 79253
885 673124
15 7717780
6 378346
1 865819
1 482383
4523930 4523930
2528312 2528312
2609129 2609129
1380035 1380035
36244344 36244344
14835720 14835720
134170 134170
plan  115
1283670 2483991
1283670 134170
428016 543849
35484 311308
111636 720287
898863 15488
1380035 1380035
59994 59994
2528312 2528312
4523930 4523930
2609129 2609129
134170 134170
36244344 36244344
plan  116
24 4223563
6 1382626
3 869710
9 366550
9 720287
1 779135
134170 134170
4523930 4523930
2528312 2528312
1380035 1380035
2609129 2609129
14835720 14835720
36244344 36244344
plan  117
291630 119391
13530 1507977
111405 16344
13035 756770
9612 335159
44610 92134
2528312 2528312
36244344 36244344
14835720 14835720
2609129 2609129
59994 59994
4523930 4523930
134170 134170
plan  118
25842 32036
3654 938127
12441 31635
4197 1507977
3867 567848
3634 240301
2528312 2528312
1380035 1380035
36244344 36244344
4523930 4523930
134170 134170
14835720 14835720
59994 59994
plan  119
208170 7932916
308688 80555
14826 1507977
4740 36862
2523 729290
17313 30639
2528312 2528312
1380035 1380035
2609129 2609129
59994 59994
4523930 4523930
134170 134170
36244344 36244344
plan  120
40488417 32649
1190523 1507977
660462 432189
684615 432996
842758 228207
2528312 2528312
2609129 2609129
14835720 14835720
1380035 1380035
4523930 4523930
134170 134170
plan  121
80043 4223563
10317 773660
4101 511303
45375 12968
4203 1507977
2352 451640
2528312 2528312
1380035 1380035
4523930 4523930
134170 134170
14835720 14835720
2609129 2609129
36244344 36244344
plan  122
13321833 32568
540354 2279845
11340 513406
2469 411823
10629 27024
4467 508632
2528312 2528312
4523930 4523930
134170 134170
2609129 2609129
14835720 14835720
36244344 36244344
59994 59994
plan  123
321888 1637694
658194 58504
73350 1279379
85224 665819
217350 364519
1380035 37784
1380035 1380035
59994 59994
36244344 36244344
2528312 2528312
4523930 4523930
134170 134170
14835720 14835720
plan  124
15159 26040
786 838462
3459 38654
1008 1507977
1302 567848
6925 36532
2528312 2528312
2609129 2609129
36244344 36244344
4523930 4523930
134170 134170
14835720 14835720
59994 59994
plan  125
27168 118179
2001 4223563
634581 12814
20334 1304402
7596 713005
2076 673167
2528312 2528312
2609129 2609129
4523930 4523930
14835720 14835720
59994 59994
36244344 36244344
134170 134170
plan  126
636 1067821
12 882450
3 869710
3 624108
1 51279
1 298270
134170 134170
4523930 4523930
1380035 1380035
2528312 2528312
2609129 2609129
36244344 36244344
14835720 14835720
plan  127
10740 5526466
97704 1554
8073 1328923
31485 27575
12750 1507977
44541 115674
2528312 2528312
2609129 2609129
4523930 4523930
134170 134170
14835720 14835720
59994 59994
36244344 36244344
plan  128
110928 61786
38004 1664509
2418 1457848
80202 14794
46053 615310
47385 460012
2528312 2528312
1380035 1380035
2609129 2609129
59994 59994
4523930 4523930
36244344 36244344
134170 134170
plan  129
11847 120701
33 4945240
12 230624
1 1441006
1 404607
1 753832
4523930 4523930
2528312 2528312
2609129 2609129
36244344 36244344
1380035 1380035
14835720 14835720
134170 134170
plan  130
37981332 2483991
1753116 1294147
22374 4945240
50673 58462
26628 569409
44575 272977
2528312 2528312
1380035 1380035
2609129 2609129
59994 59994
14835720 14835720
4523930 4523930
36244344 36244344
plan  131
39033 627969
12960 332875
13164 757320
35796 34839
73203 92134
42665 70502
134170 134170
4523930 4523930
36244344 36244344
14835720 14835720
2528312 2528312
1380035 1380035
2609129 2609129
plan  132
22992 124803
936921 8610
9504 1507977
1980 215905
5973 569332
299463 2179
36244344 36244344
14835720 14835720
2528312 2528312
2609129 2609129
4523930 4523930
59994 59994
134170 134170
plan  133
29898 106020
26118 23432
507 947346
192 714443
93 207971
30976 1981
2528312 2528312
14835720 14835720
1380035 1380035
2609129 2609129
4523930 4523930
59994 59994
134170 134170
plan  134
3321 708801
15168 25858
378 1507977
1146 331516
31047 5534
33757 105373
1380035 1380035
36244344 36244344
14835720 14835720
2528312 2528312
4523930 4523930
134170 134170
2609129 2609129
plan  135
10678074 60201
1106598 4223563
49542 1328449
468441 43668
474444 379114
842771 158148
2528312 2528312
14835720 14835720
1380035 1380035
59994 59994
4523930 4523930
36244344 36244344
134170 134170
plan  136
702786 7963382
848931 116048
17775 940235
1239 479394
478518 2207
165260 798228
1380035 1380035
2528312 2528312
14835720 14835720
2609129 2609129
4523930 4523930
134170 134170
36244344 36244344
plan  137
8046 909648
58763265 2492
890757 850265
128847 770019
60357 665447
51936 460012
2528312 2528312
1380035 1380035
2609129 2609129
4523930 4523930
14835720 14835720
59994 59994
36244344 36244344
plan  138
79485 91916
852 1369033
852 299463
42 869710
90 39230
4838 2141
2528312 2528312
14835720 14835720
1380035 1380035
2609129 2609129
36244344 36244344
4523930 4523930
134170 134170
plan  139
543180 11815352
39990 1378150
19185 57324
6438 460012
2244 438052
5971 74928
2528312 2528312
2609129 2609129
14835720 14835720
1380035 1380035
59994 59994
4523930 4523930
36244344 36244344
plan  140
494343 4223563
242826 13156
159555 581525
198012 432996
198012 842771
92248 102130
134170 134170
4523930 4523930
2528312 2528312
14835720 14835720
2609129 2609129
59994 59994
36244344 36244344
plan  141
1257492 1336012
2329308 79007
40101 1133733
20136 522675
7428 418995
94302 42442
2528312 2528312
14835720 14835720
1380035 1380035
2609129 2609129
4523930 4523930
134170 134170
36244344 36244344
plan  142
75255 93747
25086 156345
144 8073389
30 2091
1 498837
1 762297
4523930 4523930
2528312 2528312
2609129 2609129
14835720 14835720
36244344 36244344
1380035 1380035
134170 134170
plan  143
211248 12081448
374826 87461
37620 640218
16833 177030
11682 136857
100640 104247
2528312 2528312
1380035 1380035
14835720 14835720
2609129 2609129
4523930 4523930
134170 134170
36244344 36244344
plan  144
1434519 4223563
156930 619963
300681 62023
62862 730073
88761 467301
29587 842771
1380035 1380035
2528312 2528312
14835720 14835720
4523930 4523930
134170 134170
2609129 2609129
36244344 36244344
plan  145
42060 15725
372 1418211
120 336844
18 1016470
12 352141
475 3626
14835720 14835720
2528312 2528312
2609129 2609129
36244344 36244344
1380035 1380035
4523930 4523930
134170 134170
plan  146
948 119196
3633 14296
2388 199486
1554 192001
597 159645
3971 133085
1380035 1380035
2528312 2528312
4523930 4523930
2609129 2609129
14835720 14835720
59994 59994
134170 134170
plan  147
27930 74159
294 1067516
99 460012
3 4244395
1 46688
1 743985
2609129 2609129
2528312 2528312
14835720 14835720
36244344 36244344
1380035 1380035
4523930 4523930
134170 134170
plan  148
405 87181
45 974642
15 163014
1 4826624
1 310984
1 798232
2609129 2609129
2528312 2528312
14835720 14835720
36244344 36244344
1380035 1380035
4523930 4523930
134170 134170
plan  149
540 10393433
540 134170
2430 56952
1158 416877
1404 142042
3356 59750
2528312 2528312
2609129 2609129
1380035 1380035
4523930 4523930
59994 59994
134170 134170
36244344 36244344
plan  150
97474992 47056
991815 1507977
21483 836782
8484 631662
5760 455431
5373 299463
2528312 2528312
36244344 36244344
1380035 1380035
2609129 2609129
14835720 14835720
4523930 4523930
59994 59994
plan  151
1470 114126
36 961867
36 105373
24 283721
87 10991
4838 2047
2528312 2528312
14835720 14835720
1380035 1380035
2609129 2609129
36244344 36244344
4523930 4523930
134170 134170
plan  152
3480318 909648
11217378 59994
41673633 41876
1202427 896741
324105 508597
393141 220308
2528312 2528312
14835720 14835720
2609129 2609129
4523930 4523930
134170 134170
59994 59994
36244344 36244344
plan  153
3933 48544
1677 82741
1968 364519
591 864767
615 796482
1 74445
134170 134170
4523930 4523930
2528312 2528312
2609129 2609129
36244344 36244344
1380035 1380035
59994 59994
plan  154
1290 2358638
78893 1854
134170 134170
87657 10698
7917 409067
5088 353064
4838 197339
2528312 2528312
2609129 2609129
1380035 1380035
4523930 4523930
59994 59994
14835720 14835720
plan  155
927 4645188
2226 49897
249 4031264
21 238283
18 407723
923 1758
2528312 2528312
1380035 1380035
2609129 2609129
4523930 4523930
36244344 36244344
134170 134170
14835720 14835720
plan  156
768 84605
24 5703781
6 49628
3 1507977
1 338168
1 743985
2609129 2609129
2528312 2528312
1380035 1380035
4523930 4523930
59994 59994
36244344 36244344
134170 134170
plan  157
46607973 42302
69503241 94776
1304463 619065
1304463 842771
91548 355142
92134 36345
36244344 36244344
14835720 14835720
2609129 2609129
2528312 2528312
4523930 4523930
134170 134170
59994 59994
plan  158
405 134170
135 293553
3 1074716
3 105373
1 592335
1 842625
4523930 4523930
2528312 2528312
2609129 2609129
36244344 36244344
14835720 14835720
1380035 1380035
134170 134170
plan  159
24751914 4223563
27241122 121822
337848 923943
22302 59994
22548 798230
255022 1721
2609129 2609129
14835720 14835720
2528312 2528312
59994 59994
4523930 4523930
134170 134170
36244344 36244344
plan  160
270 1434362
540 74818
54 1317041
18 460012
1 2686855
1 773462
2609129 2609129
2528312 2528312
36244344 36244344
1380035 1380035
4523930 4523930
134170 134170
14835720 14835720
plan  161
1272 2483991
134101 1272
134170 134170
10530 17628
4020 561103
2139 359438
3198 164762
2528312 2528312
4523930 4523930
1380035 1380035
2609129 2609129
59994 59994
36244344 36244344
plan  162
489 6595477
1713 30174
12 1507977
6 271140
102 97381
923 5534
2528312 2528312
14835720 14835720
1380035 1380035
2609129 2609129
4523930 4523930
134170 134170
36244344 36244344
plan  163
10579584 2047
8420850 4223563
292200 1148727
40704 869710
49380 643076
20644 86462
59994 59994
1380035 1380035
2528312 2528312
2609129 2609129
4523930 4523930
36244344 36244344
14835720 14835720
plan  164
630 3172697
630 91408
210 460012
6 4829172
1 442062
1 798232
4523930 4523930
2528312 2528312
2609129 2609129
36244344 36244344
1380035 1380035
134170 134170
14835720 14835720
plan  165
648 4908135
648 127616
108 1007265
3 46530
3 180121
908 119695
2528312 2528312
1380035 1380035
2609129 2609129
59994 59994
4523930 4523930
134170 134170
14835720 14835720
plan  166
207 6586703
459 86286
9 1507977
3 441046
1 488178
1 760559
14835720 14835720
2528312 2528312
2609129 2609129
1380035 1380035
4523930 4523930
134170 134170
36244344 36244344
plan  167
17124654 2483991
262998 2090907
459996 59994
249423 234403
306825 107817
387981 214645
2528312 2528312
4523930 4523930
134170 134170
1380035 1380035
59994 59994
14835720 14835720
36244344 36244344
plan  168
10742046 4223563
697470 826029
14922 807589
1416 1461179
54582 19080
65966 460012
2528312 2528312
1380035 1380035
59994 59994
4523930 4523930
14835720 14835720
2609129 2609129
36244344 36244344
plan  169
1161 13372
27 980377
3 4481001
1 224706
1 909648
1 223441
2609129 2609129
2528312 2528312
36244344 36244344
1380035 1380035
14835720 14835720
4523930 4523930
134170 134170
plan  170
17336142 50624
270006 12081448
15480 1367266
5391 359355
1482 863095
45178 85450
59994 59994
2528312 2528312
2609129 2609129
1380035 1380035
4523930 4523930
36244344 36244344
134170 134170
plan  171
618 8081197
101644 996
134170 134170
1401 17018
561 961646
399 285919
3646 44538
2609129 2609129
2528312 2528312
1380035 1380035
4523930 4523930
59994 59994
36244344 36244344
plan  172
1938 4924418
1938 134170
57 5511162
18 447557
1 861115
1 735464
4523930 4523930
2528312 2528312
2609129 2609129
1380035 1380035
36244344 36244344
134170 134170
14835720 14835720
plan  173
930 7411235
90575 1284
134170 134170
9702 10194
3204 1921080
1413 226719
5016 62462
2528312 2528312
1380035 1380035
4523930 4523930
14835720 14835720
59994 59994
36244344 36244344
plan  174
15630306 29997
763827 661006
68664 622278
81291 713042
86100 364519
5465 516111
134170 134170
4523930 4523930
36244344 36244344
2528312 2528312
14835720 14835720
2609129 2609129
59994 59994
plan  175
1572 111356
1968 27158
579 909648
459 806648
615 429643
4524 29806
2528312 2528312
4523930 4523930
14835720 14835720
2609129 2609129
36244344 36244344
59994 59994
134170 134170
plan  176
1080 134170
15 539212
6 344024
6 158148
1 1454196
1 252594
2609129 2609129
2528312 2528312
36244344 36244344
14835720 14835720
1380035 1380035
4523930 4523930
134170 134170
plan  177
576 119055
9 950714
3 1019334
3 364519
1 814562
1 795913
1380035 1380035
2528312 2528312
2609129 2609129
36244344 36244344
14835720 14835720
4523930 4523930
134170 134170
plan  178
7341294 836158
701193 575199
1681674 62248
71346 631327
40260 460012
104954 85277
2528312 2528312
14835720 14835720
1380035 1380035
4523930 4523930
134170 134170
2609129 2609129
36244344 36244344
plan  179
1368 50040
36 618472
12 367087
1 2056538
1 115098
1 842771
14835720 14835720
2528312 2528312
2609129 2609129
36244344 36244344
1380035 1380035
4523930 4523930
134170 134170
plan  180
1050 117978
15 4945240
6 191047
1 1564004
1 603163
1 513359
4523930 4523930
2528312 2528312
2609129 2609129
36244344 36244344
1380035 1380035
14835720 14835720
134170 134170
plan  181
20950296 2483991
1755576 46318
164664 1288849
46746 770148
29154 330191
78624 251144
2528312 2528312
4523930 4523930
1380035 1380035
2609129 2609129
14835720 14835720
59994 59994
36244344 36244344
plan  182
636 4945240
795 89221
159 1368997
3 12064435
1 52969
1 820836
2609129 2609129
2528312 2528312
1380035 1380035
36244344 36244344
4523930 4523930
134170 134170
14835720 14835720
plan  183
528 1441006
89076 648
134170 134170
147 14340
84 1495547
282 451383
12649 10342
2528312 2528312
2609129 2609129
1380035 1380035
4523930 4523930
59994 59994
36244344 36244344
plan  184
135 2820116
675 62278
45 793362
3 3837989
1 333065
1 149041
2609129 2609129
2528312 2528312
1380035 1380035
36244344 36244344
4523930 4523930
134170 134170
14835720 14835720
plan  185
3162 45307
498 371975
168 291287
69 287743
147 92134
815 6180
2528312 2528312
14835720 14835720
36244344 36244344
2609129 2609129
1380035 1380035
4523930 4523930
134170 134170
plan  186
201 2483991
2091 10369
615 572758
33 337826
36 219834
4780 1721
2528312 2528312
14835720 14835720
1380035 1380035
4523930 4523930
2609129 2609129
134170 134170
36244344 36244344
plan  187
756 97772
252 143361
6 4649588
6 92134
1 869710
1 762297
4523930 4523930
2528312 2528312
2609129 2609129
36244344 36244344
14835720 14835720
1380035 1380035
134170 134170
plan  188
1770 19868
591 290906
9 7283263
9 158148
1 588070
1 713042
4523930 4523930
2528312 2528312
2609129 2609129
14835720 14835720
36244344 36244344
1380035 1380035
134170 134170
plan  189
7977942 909648
35789295 19084
666852 918275
49149 751022
59073 431490
76798 258893
2528312 2528312
2609129 2609129
1380035 1380035
4523930 4523930
14835720 14835720
59994 59994
36244344 36244344
plan  190
588 128281
21 716883
6 223619
1 4223563
1 376622
1 842771
2609129 2609129
2528312 2528312
14835720 14835720
36244344 36244344
1380035 1380035
4523930 4523930
134170 134170
plan  191
918 4608543
918 131909
27 618406
3 4223563
1 460012
1 656715
2609129 2609129
2528312 2528312
1380035 1380035
36244344 36244344
4523930 4523930
134170 134170
14835720 14835720
plan  192
1470 12081448
125607 1710
134170 134170
2073 11354
573 585089
309 244296
3393 55471
1380035 1380035
2528312 2528312
4523930 4523930
2609129 2609129
59994 59994
36244344 36244344
plan  193
22610352 567848
58532358 43810
1105629 862566
1105629 842771
539699 369078
2609129 2609129
45828 141004
59994 59994
14835720 14835720
2528312 2528312
4523930 4523930
134170 134170
36244344 36244344
plan  194
1278 50497
18 965559
6 429474
1 162185
1 2953170
1 842771
2609129 2609129
2528312 2528312
36244344 36244344
14835720 14835720
1380035 1380035
4523930 4523930
134170 134170
plan  195
27129558 1336012
9043185 301663
12537870 103572
196383 377468
221178 38250
589296 6068
2609129 2609129
14835720 14835720
59994 59994
4523930 4523930
134170 134170
1380035 1380035
36244344 36244344
plan  196
798 4945240
1026 88272
114 852772
3 6077194
1 251915
1 535049
2609129 2609129
2528312 2528312
1380035 1380035
36244344 36244344
4523930 4523930
134170 134170
14835720 14835720
plan  197
360 4137295
879 65000
21 1507977
255 624108
15 529977
1514 2053
59994 59994
14835720 14835720
2609129 2609129
2528312 2528312
4523930 4523930
134170 134170
36244344 36244344
plan  198
18733866 1336012
1127181 28774
375762 460012
842631 49871
16128 1149745
127764 1599
2609129 2609129
14835720 14835720
4523930 4523930
134170 134170
1380035 1380035
59994 59994
36244344 36244344
plan  199
7614 103469
13020 7568
1539 584087
612 413456
2157 105373
12649 52045
2528312 2528312
2609129 2609129
36244344 36244344
1380035 1380035
4523930 4523930
59994 59994
134170 134170
plan  200
15858 10665964
15858 134170
528 233199
57 831548
27 176214
923 624
2528312 2528312
14835720 14835720
1380035 1380035
2609129 2609129
4523930 4523930
134170 134170
36244344 36244344
plan  201
2565 68041
2565 1336012
285 869710
27 178186
240 136910
7480 2141
2528312 2528312
14835720 14835720
1380035 1380035
4523930 4523930
2609129 2609129
36244344 36244344
134170 134170
plan  202
5805 17683
4281 109619
321 7983831
354 230973
90 20233
827 11398
2528312 2528312
1380035 1380035
4523930 4523930
2609129 2609129
36244344 36244344
14835720 14835720
134170 134170
plan  203
9855 9842917
9855 134170
3285 447336
45 2881311
1 743746
1 643076
4523930 4523930
2528312 2528312
2609129 2609129
14835720 14835720
1380035 1380035
134170 134170
36244344 36244344
plan  204
12870 18769
78 1146900
27 368117
3 2275791
1 909648
1 842771
2609129 2609129
2528312 2528312
36244344 36244344
14835720 14835720
1380035 1380035
4523930 4523930
134170 134170
plan  205
2136 134170
27858 15758
4443 2306907
1329 1441006
660 200184
4550 28428
2528312 2528312
2609129 2609129
4523930 4523930
36244344 36244344
14835720 14835720
59994 59994
134170 134170
plan  206
3588 2483991
109119 4404
134170 134170
3585 7978
825 1140193
1212 429643
8093 32728
2528312 2528312
1380035 1380035
14835720 14835720
4523930 4523930
59994 59994
36244344 36244344
plan  207
10596 5782024
118379 11634
134170 134170
943695 236
120861 488051
72855 460012
32853 614313
2609129 2609129
2528312 2528312
1380035 1380035
4523930 4523930
59994 59994
36244344 36244344
plan  208
1764 6504816
1764 134170
1635 41366
111 818207
297 236804
81384 1721
2528312 2528312
14835720 14835720
1380035 1380035
4523930 4523930
59994 59994
134170 134170
36244344 36244344
plan  209
2223 12081448
2898 101146
408 603265
135 105175
195 44950
83026 2193
2528312 2528312
14835720 14835720
4523930 4523930
1380035 1380035
2609129 2609129
134170 134170
36244344 36244344
plan  210
1980 56189
660 203047
54 3020793
6 1177740
1 739050
1 95972
4523930 4523930
2528312 2528312
2609129 2609129
36244344 36244344
14835720 14835720
1380035 1380035
134170 134170
plan  211
1500 1517899
1500 123043
15 8488857
6 257720
1 683306
1 745541
4523930 4523930
2528312 2528312
2609129 2609129
1380035 1380035
36244344 36244344
134170 134170
14835720 14835720
plan  212
8568 21478
408 4579664
135 223596
3 2714792
1 629716
1 798232
4523930 4523930
2528312 2528312
2609129 2609129
36244344 36244344
1380035 1380035
14835720 14835720
134170 134170
plan  213
15036 107405
84 1428723
27 426341
27 364519
1 585521
1 842771
14835720 14835720
2528312 2528312
2609129 2609129
36244344 36244344
1380035 1380035
4523930 4523930
134170 134170
plan  214
9948 115490
186 633384
165 299463
81 346812
72 141283
4737 2207
2528312 2528312
14835720 14835720
1380035 1380035
2609129 2609129
36244344 36244344
4523930 4523930
134170 134170
plan  215
840 4945240
840 133607
279 365000
27 2483991
1 543917
1 798228
4523930 4523930
2528312 2528312
2609129 2609129
36244344 36244344
1380035 1380035
134170 134170
14835720 14835720
plan  216
1080 35100
1080 74390
360 20618
9 1429929
1 869710
1 665819
4523930 4523930
2528312 2528312
2609129 2609129
14835720 14835720
1380035 1380035
134170 134170
59994 59994
plan  217
1716 117527
2380035 14330
17301 1390584
1926 339592
1926 842771
105373 1721
36244344 36244344
14835720 14835720
2528312 2528312
2609129 2609129
4523930 4523930
59994 59994
134170 134170
plan  218
558 131950
2127 59994
810 278243
924 154968
1761 498606
92134 1028
36244344 36244344
14835720 14835720
2528312 2528312
4523930 4523930
1380035 1380035
59994 59994
134170 134170
plan  219
1728 115568
824235 12712
13119 1319863
1509 869710
2562 105373
38934 20376
2528312 2528312
14835720 14835720
36244344 36244344
2609129 2609129
4523930 4523930
59994 59994
134170 134170
plan  220
23118576 567848
1135866 714595
25878 1746633
2784 1507977
37119 24138
35386 270360
2528312 2528312
1380035 1380035
59994 59994
4523930 4523930
14835720 14835720
2609129 2609129
36244344 36244344
plan  221
8280 93482
360 1389607
42969 4796
17376 460012
4575 381498
95972 3207
2528312 2528312
14835720 14835720
2609129 2609129
1380035 1380035
59994 59994
4523930 4523930
134170 134170
plan  222
9243 116353
117 237501
3 12081448
1 434393
1 418660
1 758915
14835720 14835720
2528312 2528312
2609129 2609129
1380035 1380035
36244344 36244344
4523930 4523930
134170 134170
plan  223
10920 4223563
10920 134170
630 944946
1080 283781
90 235199
4419 2115
2528312 2528312
14835720 14835720
2609129 2609129
1380035 1380035
4523930 4523930
134170 134170
36244344 36244344
plan  224
816 2245293
1092 84920
12 1233315
3 1441006
1 478374
1 842771
1380035 1380035
2528312 2528312
2609129 2609129
36244344 36244344
4523930 4523930
134170 134170
14835720 14835720
plan  225
452382 6139390
89979312 13652
622848 1622396
20853 1507977
10062 448549
6498 356439
2528312 2528312
2609129 2609129
1380035 1380035
4523930 4523930
14835720 14835720
59994 59994
36244344 36244344
plan  226
540 122950
18 845187
3 1523581
3 299463
1 628109
1 842771
1380035 1380035
2528312 2528312
2609129 2609129
36244344 36244344
14835720 14835720
4523930 4523930
134170 134170
plan  227
2160 81049
48 1066824
15 365060
15 105373
1 869710
1 766822
14835720 14835720
2528312 2528312
2609129 2609129
36244344 36244344
1380035 1380035
4523930 4523930
134170 134170
plan  228
4971 134170
36 1392475
6 1243743
6 105373
1 379043
1 798232
1380035 1380035
2528312 2528312
2609129 2609129
36244344 36244344
14835720 14835720
4523930 4523930
134170 134170
plan  229
3900 52777
300 845955
24 11851874
1 584841
1 280708
1 842771
1380035 1380035
2528312 2528312
2609129 2609129
4523930 4523930
36244344 36244344
14835720 14835720
134170 134170
plan  230
12768 7932
768 1438518
255 322915
27 406861
27 375828
974 2141
59994 59994
14835720 14835720
2528312 2528312
2609129 2609129
1380035 1380035
4523930 4523930
134170 134170
plan  231
36057474 1336012
1225626 1846648
42513 49522
10239 869710
130512 12179
13152 380488
1380035 1380035
4523930 4523930
134170 134170
2609129 2609129
59994 59994
14835720 14835720
36244344 36244344
plan  232
945 3092
1551 116794
516 238513
42 62618
2010 344165
10011 704
2609129 2609129
14835720 14835720
2528312 2528312
4523930 4523930
1380035 1380035
134170 134170
59994 59994
plan  233
1386 4823416
1539 121700
21 12081448
3 511691
1 264995
1 781915
1380035 1380035
2528312 2528312
2609129 2609129
4523930 4523930
36244344 36244344
134170 134170
14835720 14835720
plan  234
762 12004895
1128 75447
24 770850
9 354364
9 764147
1156 2199
59994 59994
14835720 14835720
2528312 2528312
1380035 1380035
4523930 4523930
134170 134170
36244344 36244344
plan  235
684 110000
342 80974
114 460012
6 5037879
1 108545
1 798230
2609129 2609129
2528312 2528312
14835720 14835720
36244344 36244344
1380035 1380035
4523930 4523930
134170 134170
plan  236
1140 2853574
2280 94566
60 12081448
6 365892
1 521355
1 344165
1380035 1380035
2528312 2528312
2609129 2609129
4523930 4523930
36244344 36244344
134170 134170
14835720 14835720
plan  237
77989575 31816
19910901 1336012
321171 1023469
19065 623244
6621 444470
587679 2207
2528312 2528312
14835720 14835720
1380035 1380035
2609129 2609129
4523930 4523930
36244344 36244344
59994 59994
plan  238
3501 16298
417 637896
183 909648
18 869710
6 283026
986 841
2528312 2528312
14835720 14835720
1380035 1380035
2609129 2609129
36244344 36244344
4523930 4523930
134170 134170
plan  239
1470 4945240
1470 79005
42 4223563
15 189280
1 797312
1 758915
4523930 4523930
2528312 2528312
2609129 2609129
1380035 1380035
36244344 36244344
134170 134170
14835720 14835720
plan  240
561 134170
186 263066
186 441787
12 6902028
1 401444
1 331516
4523930 4523930
2528312 2528312
2609129 2609129
36244344 36244344
14835720 14835720
1380035 1380035
134170 134170
plan  241
21858426 1336012
812766 825631
4365 59994
588 646194
513 222677
3690 38115
2528312 2528312
1380035 1380035
14835720 14835720
4523930 4523930
59994 59994
2609129 2609129
36244344 36244344
plan  242
36783 460012
417 8546120
837 48908
18 1108976
1 463089
1 795913
14835720 14835720
2528312 2528312
2609129 2609129
4523930 4523930
134170 134170
36244344 36244344
1380035 1380035
plan  243
522 12081448
828 91526
90 541986
9 750514
3 266362
849 1599
2528312 2528312
14835720 14835720
1380035 1380035
2609129 2609129
4523930 4523930
134170 134170
36244344 36244344
plan  244
23057088 4223563
1392135 1503418
1400631 133378
41928 1073450
41928 842771
12840 11844
59994 59994
2609129 2609129
2528312 2528312
4523930 4523930
134170 134170
14835720 14835720
36244344 36244344
plan  245
828 107871
276 392751
6 2474805
6 105373
1 661471
1 796482
4523930 4523930
2528312 2528312
2609129 2609129
36244344 36244344
14835720 14835720
1380035 1380035
134170 134170
plan  246
864 134170
18 1115362
6 278172
1 46688
1 364519
1 798230
2609129 2609129
2528312 2528312
36244344 36244344
14835720 14835720
1380035 1380035
4523930 4523930
134170 134170
plan  247
34330152 567848
1411908 2028917
485601 13608
171273 211121
330885 61883
35005 104464
1380035 1380035
4523930 4523930
134170 134170
2609129 2609129
59994 59994
14835720 14835720
36244344 36244344
plan  248
11997837 22638
15559815 4223563
583275 3008185
37065 850995
1461 1279367
59994 27593
59994 59994
2528312 2528312
4523930 4523930
2609129 2609129
14835720 14835720
36244344 36244344
134170 134170
plan  249
210516 11948969
47867403 39356
2311629 653059
381696 530291
276972 460012
144623 371154
2528312 2528312
2609129 2609129
1380035 1380035
14835720 14835720
4523930 4523930
59994 59994
36244344 36244344
plan  250
17481843 2483991
557307 727518
53199 1604749
111864 43756
144501 633551
20311 129454
134170 134170
4523930 4523930
2528312 2528312
59994 59994
14835720 14835720
2609129 2609129
36244344 36244344
plan  251
1854 1040578
49962495 10908
421080 823280
137841 460012
137841 841615
277647 6071
2609129 2609129
14835720 14835720
2528312 2528312
1380035 1380035
4523930 4523930
59994 59994
36244344 36244344
plan  252
21063081 59994
5206596 1336012
9058479 83384
110175 1253952
6219 747152
754720 2195
2528312 2528312
14835720 14835720
2609129 2609129
4523930 4523930
134170 134170
36244344 36244344
59994 59994
plan  253
87289116 20523
1943244 4403034
103014 1502954
2940 4689113
6375 47538
58842 87151
1380035 1380035
2528312 2528312
59994 59994
14835720 14835720
4523930 4523930
36244344 36244344
134170 134170
plan  254
2193 113873
84 1507977
84 567848
81 238580
39 313067
2076 2176
2528312 2528312
14835720 14835720
2609129 2609129
1380035 1380035
36244344 36244344
4523930 4523930
134170 134170
plan  255
588 134170
195 245938
3 4384700
3 299463
1 482477
1 730042
4523930 4523930
2528312 2528312
2609129 2609129
36244344 36244344
14835720 14835720
1380035 1380035
134170 134170
plan  256
290376 1441006
25900353 54550
685227 1000568
126708 793397
115122 447381
674890 40621
2528312 2528312
14835720 14835720
1380035 1380035
2609129 2609129
4523930 4523930
59994 59994
36244344 36244344
plan  257
551808 12081448
924378 87517
42012 1424485
95829 51384
78537 621255
145002 209220
1380035 1380035
2528312 2528312
2609129 2609129
59994 59994
4523930 4523930
134170 134170
36244344 36244344
plan  258
16854156 4223563
11063256 21552
123972 1220249
42852 449235
42852 842771
507070 1721
2609129 2609129
14835720 14835720
2528312 2528312
1380035 1380035
4523930 4523930
59994 59994
36244344 36244344
plan  259
1140 59994
381 420186
75 1441006
3 122739
3 760559
1 62721
134170 134170
4523930 4523930
2528312 2528312
14835720 14835720
36244344 36244344
1380035 1380035
59994 59994
plan  260
1500 8991024
1500 134170
186 1113356
63 393693
15 589191
830 624
2528312 2528312
14835720 14835720
2609129 2609129
1380035 1380035
4523930 4523930
134170 134170
36244344 36244344
plan  261
672 49792
96 293329
33 400150
15 869710
15 709686
15486 1
59994 59994
36244344 36244344
2528312 2528312
2609129 2609129
1380035 1380035
4523930 4523930
134170 134170
plan  262
492 4572471
492 134170
12 1304912
3 437562
1 1103515
1 751604
2609129 2609129
2528312 2528312
36244344 36244344
1380035 1380035
4523930 4523930
134170 134170
14835720 14835720
plan  263
30546750 84921
24005412 901577
1614360 869710
118884 1129403
61815 58456
21309 749673
1380035 1380035
2528312 2528312
59994 59994
4523930 4523930
2609129 2609129
36244344 36244344
134170 134170
plan  264
109723776 41686
3568332 4223563
1189443 365729
112977 360356
113715 798230
728843 2197
2609129 2609129
14835720 14835720
2528312 2528312
4523930 4523930
1380035 1380035
36244344 36244344
59994 59994
plan  265
444 4945240
102284 708
134170 134170
43314 1746
29691 474781
14229 152856
44827 135756
2528312 2528312
1380035 1380035
4523930 4523930
36244344 36244344
59994 59994
14835720 14835720
plan  266
239541 6414971
93471 449020
397629 33545
73338 731622
97229 267380
2528312 2528312
14835720 14835720
4523930 4523930
134170 134170
1380035 1380035
36244344 36244344
plan  267
2955 2483991
261 728338
330 113536
15 751750
52058 475
2528312 2528312
14835720 14835720
4523930 4523930
134170 134170
2609129 2609129
36244344 36244344
plan  268
3276 53345
468 1829755
6 226768
27 27994
8093 1028
2528312 2528312
14835720 14835720
1380035 1380035
4523930 4523930
36244344 36244344
134170 134170
plan  269
8256 1132108
11976 91761
2163 304454
756 82895
923 41116
2528312 2528312
4523930 4523930
1380035 1380035
14835720 14835720
134170 134170
36244344 36244344
plan  270
4677 1703057
8649 61811
297 587228
210 323175
104954 475
2528312 2528312
14835720 14835720
1380035 1380035
4523930 4523930
134170 134170
36244344 36244344
plan  271
3375 84905
135 611812
3 7678626
1 421493
1 614313
4523930 4523930
2528312 2528312
1380035 1380035
36244344 36244344
14835720 14835720
134170 134170
plan  272
2958 89865
987 269092
33 5245099
1 364118
1 755619
4523930 4523930
2528312 2528312
14835720 14835720
36244344 36244344
1380035 1380035
134170 134170
plan  273
915 11612272
2271 61962
42 1449473
33 94331
715 1859
2528312 2528312
14835720 14835720
1380035 1380035
4523930 4523930
134170 134170
36244344 36244344
plan  274
4947 86669
114 459700
159 30548
18 507036
830 2145
2528312 2528312
14835720 14835720
2609129 2609129
1380035 1380035
4523930 4523930
134170 134170
plan  275
143360064 4223563
29943177 15050
1379238 536903
88671 470172
449630 73269
2528312 2528312
14835720 14835720
4523930 4523930
2609129 2609129
59994 59994
36244344 36244344
plan  276
150563259 4223563
2515155 17320
159297 536903
88671 136666
449630 73269
2528312 2528312
14835720 14835720
4523930 4523930
2609129 2609129
59994 59994
36244344 36244344
plan  277
4545168 2483991
198588 393641
370359 519105
127955 793133
2609129 2609129
2528312 2528312
20300 640011
134170 134170
4523930 4523930
14835720 14835720
36244344 36244344
plan  278
143197992 2483991
4764537 10694
122475 1086322
34398 331440
13491 674890
2609129 2609129
2528312 2528312
14835720 14835720
4523930 4523930
59994 59994
36244344 36244344
plan  279
3276 43311
468 2175281
6 226768
27 27994
8093 1028
2528312 2528312
14835720 14835720
1380035 1380035
4523930 4523930
36244344 36244344
134170 134170
plan  280
396 12081448
441 95249
45 1037400
12 1626425
12 11
1 285873
1380035 1380035
2609129 2609129
2528312 2528312
14835720 14835720
4523930 4523930
134170 134170
36244344 36244344
plan  281
8100 130827
324 1346901
12 3925920
3 240315
1 3
2528312 2528312
1 909648
2609129 2609129
36244344 36244344
1380035 1380035
14835720 14835720
4523930 4523930
134170 134170
plan  282
13767 11402480
18417 102634
738 374510
54 776029
88 87
2528312 2528312
3568 2205
59994 59994
14835720 14835720
2609129 2609129
4523930 4523930
134170 134170
36244344 36244344
plan  283
1224 73528
51 4258725
1 51
2528312 2528312
3 854068
1 97049
1 299463
4523930 4523930
36244344 36244344
1380035 1380035
2609129 2609129
14835720 14835720
134170 134170
plan  284
9696 134170
9696 432996
96 11219678
33 83462
33 32
1 499514
2609129 2609129
4523930 4523930
2528312 2528312
1380035 1380035
36244344 36244344
14835720 14835720
134170 134170
plan  285
6759 4683641
7167 126008
825 1208329
405 869710
486 567848
14162 10809
59994 59994
2528312 2528312
36244344 36244344
2609129 2609129
4523930 4523930
134170 134170
14835720 14835720
plan  286
103551 1012240
8019 777953
21483 60249
1185 1507977
831 257891
25500 12429
59994 59994
2528312 2528312
36244344 36244344
4523930 4523930
134170 134170
2609129 2609129
14835720 14835720
plan  287
57174 8919811
19059 410219
51522 52996
1131 1507977
187144 210
2609129 2609129
22840 49162
59994 59994
14835720 14835720
4523930 4523930
134170 134170
1380035 1380035
36244344 36244344
plan  288
2670 5482599
3186 111902
72 1034120
24 446325
6 597166
1 624
2528312 2528312
14835720 14835720
2609129 2609129
1380035 1380035
4523930 4523930
134170 134170
36244344 36244344
plan  289
53364 3720133
16296 657803
225591 6935
41265 1089317
38751 364519
59994 138960
59994 59994
2528312 2528312
36244344 36244344
4523930 4523930
134170 134170
2609129 2609129
14835720 14835720
plan  290
85752 12081448
5625 42528
8151 87031
243 553863
243 243
111003 2091
1380035 1380035
14835720 14835720
2528312 2528312
4523930 4523930
134170 134170
59994 59994
36244344 36244344
plan  291
1938 134170
657 422477
810 299463
921 419796
1665 11254
49516 12429
59994 59994
2528312 2528312
4523930 4523930
2609129 2609129
36244344 36244344
1380035 1380035
134170 134170
plan  292
18690 11495423
29328 94380
231 1365922
696 158906
1 696
2528312 2528312
53451 704
1380035 1380035
14835720 14835720
2609129 2609129
4523930 4523930
134170 134170
36244344 36244344
plan  293
1053 4261686
186 3103823
45 862905
3747 8057
591 1507977
58710 1260
59994 59994
2528312 2528312
4523930 4523930
134170 134170
2609129 2609129
36244344 36244344
14835720 14835720
plan  294
177423 4368566
211740 112961
74862 189259
73875 153466
964512 97006
21935 12081448
2528312 2528312
36244344 36244344
1380035 1380035
4523930 4523930
2609129 2609129
134170 134170
14835720 14835720
plan  295
9918 5255579
12918 105228
330 634593
111 232372
1 1038
2528312 2528312
7754 5362
59994 59994
14835720 14835720
1380035 1380035
4523930 4523930
134170 134170
36244344 36244344
plan  296
681531 23366
103485 243552
2352 4612956
1065 391654
1197 257891
1 719342
134170 134170
4523930 4523930
36244344 36244344
1380035 1380035
14835720 14835720
2609129 2609129
59994 59994
plan  297
971202 71588
37606347 257891
449568 439134
13068 185125
22575 46688
22574 186177
59994 59994
2528312 2528312
14835720 14835720
2609129 2609129
4523930 4523930
36244344 36244344
134170 134170
plan  298
1800 242200
180 379549
12 4223563
12 12
1 869710
73827 1
134170 134170
4523930 4523930
2609129 2609129
2528312 2528312
36244344 36244344
14835720 14835720
1380035 1380035
plan  299
75888 95670
2001 676887
1908 567848
174 524200
16911 1
421444 2170
1380035 1380035
14835720 14835720
2528312 2528312
2609129 2609129
36244344 36244344
4523930 4523930
134170 134170
plan  300
3294 5492693
354 3871998
600 68051
66 313823
30 201236
2904 1830
59994 59994
2528312 2528312
1380035 1380035
4523930 4523930
134170 134170
14835720 14835720
36244344 36244344
plan  301
99396 134170
33132 357702
22725 547305
765 107959
766 765
2528312 2528312
20298 2170
59994 59994
14835720 14835720
4523930 4523930
2609129 2609129
1380035 1380035
134170 134170
plan  302
1923 82583
75 472931
3 790175
1 351383
1 1
1 567848
1380035 1380035
36244344 36244344
2528312 2528312
2609129 2609129
14835720 14835720
4523930 4523930
134170 134170
plan  303
66579 4240199
20820 460012
14244 449607
101169 1
779652 2207
23688 664839
134170 134170
4523930 4523930
14835720 14835720
2528312 2528312
2609129 2609129
1380035 1380035
36244344 36244344
plan  304
8085 2483991
4593 483153
1443 362207
47526 1
307140 17156
30659 200976
1380035 1380035
4523930 4523930
134170 134170
2528312 2528312
14835720 14835720
2609129 2609129
36244344 36244344
plan  305
11409 3458787
6084 713951
6246 6246
2280 460012
7710 92134
10682 17811
134170 134170
4523930 4523930
36244344 36244344
1380035 1380035
2528312 2528312
2609129 2609129
14835720 14835720
plan  306
898146 1336012
5958414 18588
181866 587025
38478 108711
16032 75837
16032 62059
59994 59994
2528312 2528312
1380035 1380035
2609129 2609129
4523930 4523930
134170 134170
36244344 36244344
plan  307
59136 12081448
99270 80022
134170 134170
1416 22462
75 961772
75 75
17744 2147
1380035 1380035
14835720 14835720
2528312 2528312
4523930 4523930
59994 59994
36244344 36244344
plan  308
87120 127802
5808 1084857
528 869710
177 326239
1 591
2528312 2528312
18648 1859
59994 59994
14835720 14835720
1380035 1380035
2609129 2609129
4523930 4523930
134170 134170
plan  309
5433 12081448
162 852337
972 128746
1017 1016
71745 624
9334 195638
134170 134170
4523930 4523930
14835720 14835720
2528312 2528312
1380035 1380035
2609129 2609129
36244344 36244344
plan  310
352677 3627463
68478 869710
71145 71145
167835 105373
224544 132705
16126 267804
134170 134170
4523930 4523930
1380035 1380035
36244344 36244344
2528312 2528312
2609129 2609129
14835720 14835720
plan  311
11904 91948
1638 908256
324 652534
108 221949
1 4917
2528312 2528312
22906 6068
59994 59994
14835720 14835720
1380035 1380035
2609129 2609129
4523930 4523930
134170 134170
plan  312
223578 853651
204522 760923
419154 57169
22626 1507977
9819 280668
45978 29808
59994 59994
2528312 2528312
1380035 1380035
4523930 4523930
134170 134170
36244344 36244344
2609129 2609129
plan  313
4761 4180611
3456 400688
1893 374718
42228 1
316866 2147
12514 657015
134170 134170
4523930 4523930
14835720 14835720
2528312 2528312
1380035 1380035
2609129 2609129
36244344 36244344
plan  314
25344 134170
12888 8510730
4296 389269
4296 4296
168 779810
55606 475
59994 59994
14835720 14835720
4523930 4523930
2528312 2528312
1380035 1380035
36244344 36244344
134170 134170
plan  315
730764 7017906
1461144 62290
121791 1507977
1707 745468
141 516227
44886 339
59994 59994
2528312 2528312
2609129 2609129
14835720 14835720
4523930 4523930
134170 134170
36244344 36244344
plan  316
3780 115685
231 59994
32853 1
2577 302209
1926 295007
105373 1721
36244344 36244344
14835720 14835720
1380035 1380035
4523930 4523930
2528312 2528312
59994 59994
134170 134170
plan  317
1197354 189445
95490 3442805
240318 22388
252690 567848
291057 114526
38536 190498
134170 134170
4523930 4523930
1380035 1380035
36244344 36244344
59994 59994
14835720 14835720
2609129 2609129
plan  318
7430181 133779
65313 1193936
48519 364519
4266 321326
1434 302785
1444 481
2528312 2528312
14835720 14835720
1380035 1380035
2609129 2609129
36244344 36244344
4523930 4523930
134170 134170
plan  319
4290 377537
25908 12551
2844 991144
3468 364519
1638 134144
1700 152493
59994 59994
2528312 2528312
1380035 1380035
36244344 36244344
4523930 4523930
134170 134170
2609129 2609129
plan  320
385269 909648
706755 68528
4854 1507977
3546 266455
3561 3562
183195 1043
2609129 2609129
14835720 14835720
2528312 2528312
1380035 1380035
4523930 4523930
134170 134170
36244344 36244344
plan  321
10494 134170
318 609754
105 249914
3 1142492
3 2
1 299463
2609129 2609129
36244344 36244344
2528312 2528312
14835720 14835720
1380035 1380035
4523930 4523930
134170 134170
plan  322
62832 1336012
65484 131296
2592 602825
97212 841
55938 798712
31192 51103
59994 59994
1380035 1380035
2609129 2609129
14835720 14835720
4523930 4523930
134170 134170
36244344 36244344
plan  323
2589 1286823
1107 869710
1677 93020
237 869438
612 364519
51506 891
59994 59994
2528312 2528312
36244344 36244344
4523930 4523930
134170 134170
2609129 2609129
14835720 14835720
plan  324
83823 1020779
17160 645960
17031 567848
10479 415114
42816 34017
44546 410765
2528312 2528312
4523930 4523930
134170 134170
1380035 1380035
36244344 36244344
2609129 2609129
14835720 14835720
plan  325
3623754 77234
332040 569126
33246 304256
11871 182253
41334 105373
43602 171930
59994 59994
2528312 2528312
36244344 36244344
1380035 1380035
4523930 4523930
2609129 2609129
134170 134170
plan  326
1872657 909648
2681331 96595
862464 460012
514869 321817
137283 199486
190620 144468
2528312 2528312
4523930 4523930
14835720 14835720
2609129 2609129
1380035 1380035
134170 134170
36244344 36244344
plan  327
69 426470
42 2472620
33 42348
9 14846447
1 357228
134170 134170
385844 707223
4523930 4523930
2528312 2528312
36244344 36244344
59994 59994
14835720 14835720
1380035 1380035
plan  328
264 1441006
303 920031
87 869710
171 82691
132 1151105
48664 330
59994 59994
2528312 2528312
4523930 4523930
134170 134170
2609129 2609129
14835720 14835720
36244344 36244344
plan  329
10359 909648
3870 785529
12474 26362
5475 713989
50253 151886
1492 4945240
2528312 2528312
14835720 14835720
1380035 1380035
4523930 4523930
134170 134170
2609129 2609129
36244344 36244344
plan  330
32742 467301
874776 4416
39618 1384088
17814 367708
53019 163952
4662 3774633
2528312 2528312
36244344 36244344
2609129 2609129
1380035 1380035
4523930 4523930
134170 134170
14835720 14835720
plan  331
34212 93096
381 914926
312 226620
4743 1
64470 2192
69706 92134
1380035 1380035
36244344 36244344
14835720 14835720
2528312 2528312
2609129 2609129
4523930 4523930
134170 134170
plan  332
3663588 909648
3663588 134170
1221567 266819
92847 114191
7821 57776
12958 88002
59994 59994
2528312 2528312
4523930 4523930
2609129 2609129
1380035 1380035
134170 134170
36244344 36244344
plan  333
3126336 966
8127 7268869
573 851695
39 93205
960 1
43479 704
1380035 1380035
14835720 14835720
2528312 2528312
4523930 4523930
2609129 2609129
36244344 36244344
59994 59994
plan  334
307863 5448613
25455 1007142
32577 103180
5811 777778
5619 335641
53850 88051
1380035 1380035
2528312 2528312
2609129 2609129
4523930 4523930
134170 134170
14835720 14835720
36244344 36244344
plan  335
1171914 567848
177864 513771
1361787 15178
58440 1507977
69255 231267
4550 3922235
2528312 2528312
14835720 14835720
1380035 1380035
4523930 4523930
134170 134170
2609129 2609129
36244344 36244344
plan  336
64623 9008260
133680 60022
13959 448735
8871 295692
139512 20376
50958 869710
2528312 2528312
2609129 2609129
14835720 14835720
1380035 1380035
4523930 4523930
134170 134170
36244344 36244344
plan  337
196776 2483991
19893 869710
16974 267380
9264 213682
86964 16397
55471 978929
2528312 2528312
4523930 4523930
134170 134170
1380035 1380035
14835720 14835720
2609129 2609129
36244344 36244344
plan  338
279 111070
48 1383438
15 460012
3 499568
7887 1
364519 2179
36244344 36244344
14835720 14835720
2528312 2528312
2609129 2609129
1380035 1380035
4523930 4523930
134170 134170
plan  339
198 126812
66 295504
3 4945240
1 639984
1 1
1 567848
4523930 4523930
36244344 36244344
2528312 2528312
2609129 2609129
14835720 14835720
1380035 1380035
134170 134170
plan  340
3219 750931
3249 3248
2037 203466
960 909648
297 144831
1 753988
134170 134170
4523930 4523930
14835720 14835720
36244344 36244344
1380035 1380035
2528312 2528312
2609129 2609129
plan  341
17569785 1336012
84276 689409
7119 373531
53331 19215
7329 339401
7762 168129
59994 59994
2528312 2528312
4523930 4523930
134170 134170
2609129 2609129
14835720 14835720
36244344 36244344
plan  342
58500 3400204
97728 2483991
6525 869710
26565 43402
1278 752050
45858 5478
59994 59994
2528312 2528312
4523930 4523930
134170 134170
2609129 2609129
36244344 36244344
14835720 14835720
plan  343
184392 7716115
18198 694035
7383 360298
23094 35345
3135 351267
59994 13914
59994 59994
2528312 2528312
4523930 4523930
134170 134170
1380035 1380035
2609129 2609129
36244344 36244344
plan  344
10368 16072
216 662525
9 4053281
3 314935
1 3
2528312 2528312
1 909648
2609129 2609129
36244344 36244344
1380035 1380035
14835720 14835720
4523930 4523930
134170 134170
plan  345
7530 4222815
390 1507977
300 475057
168 267470
957 105373
42414 5091
59994 59994
2528312 2528312
36244344 36244344
1380035 1380035
2609129 2609129
4523930 4523930
14835720 14835720
plan  346
156606 2483991
17337 213526
22662 22662
35022 88222
45957 2136
4523930 4523930
24224 20376
59994 59994
14835720 14835720
134170 134170
2528312 2528312
2609129 2609129
36244344 36244344
