plan  1
16365843
5630322
49425993
477429
428700
433788
321190
36345
779289
299463
1191421
13301
452965
plan  2
5544
504
504
57
3
1
1
842770
342020
4223563
692629
134170
2517646
plan  3
25756608
12844542
25169667
346824
44343
52167
70509
254655
349988
625336
729976
59994
909648
plan  4
18130428
37455612
414462
2442192
298293
227094
107307
392884
460012
596283
59482
2281565
863239
plan  5
1365336
174690303
9030948
97632
5214
6366
793725
2145
240280
828785
841288
992003
26830
plan  6
27726732
40443366
16137156
504312
114009
32220
11092
752319
220593
802053
59994
2483991
102866
plan  7
15661620
21795738
7265247
10054761
282183
60063
662868
3207
47056
879304
92252
441022
2483991
plan  8
720
720
240
15
15
1
1
760559
716620
567848
4945240
369167
95947
plan  9
82110
84384
25756626
391050
29013
12294
38934
122739
439080
819393
890513
59994
129227
plan  10
92016
1296
1296
36
12
1
1
797554
846328
423250
4945240
116184
8449241
plan  11
450
540
90
30
3
1
1
794060
220470
2483991
114583
954388
120286
plan  12
65454
55456140
72069666
524493
56937
142563
92134
60037
410102
304257
1507977
106116
58570
plan  13
2937600
1660824
38611164
364473
19761
6471
798232
2179
459998
817554
1498431
59994
4223563
plan  14
7956
468
468
840
12
12
2
191128
776805
1507977
64600
2372935
2379620
plan  15
72072
858
858
285
12
1
1
764147
785961
2758933
219757
103917
4945240
plan  16
288969
359244
26826567
693342
8985
51207
20397
594124
26666
2153729
869710
567848
100029
plan  17
576
576
192
12
12
1
1
798224
407574
257891
1691085
243101
134170
plan  18
16733877
24410871
502503
905487
14448
114666
2528309
38222
512818
947098
79558
869710
4223563
plan  19
19800
450
750
30
9
1
1
798161
1336012
403587
746052
58471
4939404
plan  20
18252
1404
1404
39
12
1
1
792667
225612
358423
11984001
88976
3181062
plan  21
432
480
3720
3606
1269
2010
5016
92134
211753
234190
826321
23624
127279
plan  22
2592
2592
96
33
3
1
1
798232
314069
4223563
172715
3632130
41107
plan  23
621
621
207
9
9
1
1
842771
669282
171832
5573050
440682
112343
plan  24
287112
138840840
3219744
5858985
73353
6252
344165
2141
352857
996994
80403
4223563
42234
plan  25
8013663
49654959
12242595
337746
32169
756
49734
9775
4591843
869710
1038305
5168155
26108
plan  26
794121
1396755
25891248
2325993
47325
47985
732871
1721
798230
661975
50732
4223563
124865
plan  27
39414
606
990
270
198
183
1977
44538
315416
598258
37378
94028
12081448
plan  28
80346
1431
1911
90
84
30
1557
1859
259062
368975
537319
105539
10985695
plan  29
1344
1980
252
3732
405
204
4000
9775
869710
1024444
6900
4443559
79827
plan  30
520
651
27
27
3
1
1
766822
730720
3056974
162185
1088799
103139
plan  31
684
684
228
228
18
1
1
432668
785045
3889297
267380
117143
59784
plan  32
6070281
46013799
214194
294837
241399
33759
156963
47805
173495
14434
583736
2416262
364519
plan  33
3310548
583707
612288
12804
6075
6075
129755
2205
795913
153535
1500631
128412
12081448
plan  34
260802
630
133101
630
10755
10635
4686
4848
309870
460012
684043
3152
8679023
plan  35
864
864
288
12
6
1
1
740054
635649
567848
4056110
154296
30747
plan  36
14150436
14657976
3020058
251607
251607
389568
109499
161095
109619
842771
468013
14264
130352
plan  37
4501920
1293534
27877086
266331
16026
11847
7721
326668
452453
674585
4636826
59994
9820760
plan  38
3069
237
471
60
1
1
1
749107
127374
12081448
1430140
109789
4675291
plan  39
702
702
234
3
3
1
1
793725
516088
364519
1633506
233422
124991
plan  40
660
660
219
12
12
1
1
842770
801262
567848
2184463
460012
76507
plan  41
900
4860
810
177
36
42
1257
5362
63014
670986
46856
3668096
10612
plan  42
19584
129672402
2531817
59103
5883
2253
97229
6068
429341
595176
877605
4223563
42450
plan  43
34320
660
780
30
9
1
1
774922
2483991
460012
1364076
115662
3086431
plan  44
720
720
240
9
6
1
1
732852
869710
257891
1345031
239606
101394
plan  45
5484
408
816
225
234
141
4644
27046
116303
381946
59994
115654
11266684
plan  46
1428
2256
217215
13233
4824
6060
299463
2205
709686
429633
461493
10402
78356
plan  47
881877
148881888
4484583
5226942
51675
51939
281739
2115
359331
1361292
118493
1441006
39642
plan  48
1164
1164
387
3
3
1
1
842771
373671
257891
3896607
350991
102078
plan  49
308928
1860
3132
228
246
29577
6387
7387
2199
126117
1136473
78128
54436
plan  50
8619
8619
459
453
180
336
594
92134
149413
217411
441787
531043
134170
plan  51
49920
1920
2304
96
9
1
1
842771
422805
592878
8478448
116883
3297033
plan  52
432
864
216
24
12
12
4
21784
753832
590341
4945240
727867
82499
plan  53
1272
954
134170
954
1137
996
426
4550
35707
312552
658615
18560
2483991
plan  54
3016992
3228666
17041608
575481
70263
70263
299463
22675
842771
361677
554013
16770
123008
plan  55
576768
16956600
5519217
347928
64698
30258
45736
359224
381230
449990
645543
59994
2483991
plan  56
1668
2781
21
21
12
6
2810
157
69302
210815
364519
1391756
75526
plan  57
11952
432
531
177
27
1110
7374
6068
104954
23468
285018
105357
15244
plan  58
1350
1350
450
15
15
1
1
706060
560510
299463
3325505
460012
40792
plan  59
1385106
1385106
33089319
718539
101955
192279
92134
122739
38254
310316
332509
602969
134170
plan  60
59724
690
134170
690
101457
38655
13878
47937
131662
314572
909648
992
4001721
plan  61
9784668
67170522
518940
626946
50484
200916
634208
27822
614313
486631
109577
4945240
257891
plan  62
1274400
28565490
1297488
15324
132576
125037
97229
299462
313813
59956
4523022
1021961
2483991
plan  63
3441
1728
2136
228
18
6
849
2141
324196
809155
860883
108659
1336012
plan  64
624
624
207
12
12
1
1
454790
805266
364519
774832
236822
76386
plan  65
456
3420
57
18
18
1
1
842771
2483991
12328
452431
1039377
27883
plan  66
28698
117642
22853952
279492
43458
8760
16742
5286
767957
162185
514782
567848
33839
plan  67
54
4026
360
60
24
18
1257
1599
567848
445411
836841
590075
1012
plan  68
2835
4200
105
15
6
1
1
104954
335508
4463676
2391998
1424955
62214
plan  69
2730
2730
78
27
12
1
1
842771
606495
1441006
444487
2707715
58854
plan  70
1680
4890
87
87
45
57
20397
1028
92134
282902
212583
1507977
43198
plan  71
1458
1944
198768
3072
2430
1275
129729
2053
385341
453221
1507977
14200
84426
plan  72
9867
8667
12529212
87017841
679509
690174
246846
36345
749673
1507977
19572
44984
2483991
plan  73
112332
7860
70272
1527
14202
31098
202180
2195
233830
96703
840549
12063
40542
plan  74
1800
2100
36
15
3
18
900
1599
123727
523763
460012
270563
116561
plan  75
972
972
324
9
3
1
1
331516
866152
332188
11721915
563301
134170
plan  76
41004
1230
2268
348
198
22254
1697
74498
107307
299147
59994
79479
7395250
plan  77
27378
2106
2106
39
12
1
1
781915
869710
221374
10033816
113027
1833567
plan  78
3885096
52079886
7373160
126888
12540
4317
14540
92134
289172
458172
644980
300537
661182
plan  79
1524
1548
156
897
1128
59622
20565
749107
40621
567848
1310
1175452
130532
plan  80
1002
3324
5436
426
141
81
1050
20376
364519
213254
474630
576812
38126
plan  81
6336588
2041068
32724240
311994
98970
98970
498354
2011
627695
460012
1419306
48568
9511317
plan  82
224667
29781
44386833
1637304
3742083
107268
740054
36345
721106
52899
831754
48160
1336012
plan  83
1275
2775
75
24
6
1
1
513359
703976
3067605
416657
690099
59396
plan  84
1782
594
2865
75
24
66
4674
2207
93215
460012
436139
36010
7586348
plan  85
3360
3360
153
2883
2940
990
11769
1721
16345
548745
105373
166607
134170
plan  86
1628616
197404533
6322761
7037184
111714
6579
359331
2207
676517
1041046
122758
1441006
51634
plan  87
581913
42812949
455541
90552
7065
30402
3138
319235
19876
261492
909648
670930
387981
plan  88
61848
1656
2091
111
36
6
849
2207
531253
460012
662853
110629
10690781
plan  89
70644
8556
2850
450
510
213
4838
17177
32297
122739
806995
57114
11414514
plan  90
882
4008
126
42
42
15
1734
2047
755355
772261
460012
843009
34474
plan  91
8799918
57144675
1056555
3425055
868149
348113
737816
951666
25343
1507977
47538
4161238
567848
plan  92
720
720
240
120
24
1
1
239801
759934
1441006
511303
374709
133105
plan  93
9179610
24009408
675324
353226
19854
28059
51917
214000
41638
1507977
800888
11746079
69327
plan  94
578
4011
33
1
1
1
1
842771
608675
299463
4746787
655400
14521
plan  95
44607
1089
1089
33
3
1
1
842625
675111
1367034
694338
134170
9854184
plan  96
28530
366
1095
21
12
3
2484
2207
188829
493333
1457946
58521
12081448
plan  97
990
990
90
6453
2694
2196
3198
170829
181968
359699
2412
4945240
109474
plan  98
29016
80721552
20240187
236349
12993
6597
548745
2199
377350
798165
977690
1336012
41698
plan  99
4410
4410
210
69
1
1
1
820836
212202
4223563
408653
4334655
36455
plan  100
7040040
121380
714
825
3
1
1
842770
374683
1448927
120503
4945240
10570905
plan  101
1155
1155
384
54
1
1
1
720287
188062
5336904
2161718
116886
98932
plan  102
55698
1938
93104
2520
11106
14475
4065
39539
91167
76422
299463
14508
4570635
plan  103
2262
2262
753
57
3
1
1
449630
36278
2773029
1012240
247726
84559
plan  104
1323
1323
441
9
9
1
1
842771
723152
299463
4684692
63974
125918
plan  105
1233
1287
183
1087893
33618
6429
122483
3207
682786
1324787
1886
2527760
121119
plan  106
201
663
3
1
1
1
1
482383
105373
199486
460012
1022453
46090
plan  107
9311466
3544320
219288
406944
34098
105588
997929
14686
768650
532605
67429
853850
2483991
plan  108
248319
9762
3762
5721
705
687
904
167017
390524
1507977
77094
909648
1010759
plan  109
120
8859
1770
4020
420
75
3626
2198
191712
592818
43829
9790601
3426
plan  110
6045
6975
156
6
6
1
1
669549
816025
90323
6638695
955898
110557
plan  111
369894
7335
43524
789
342
39
908
2147
427684
215014
1500122
20725
12031051
plan  112
612
306
306
18
6
1
1
797944
781755
405068
5090981
105131
1171246
plan  113
210990
294186
2470140
126450
3264
10890
83026
100831
51582
4945240
1342216
567848
89528
plan  114
22125
22125
885
15
6
1
1
482383
865819
378346
7717780
673124
79253
plan  115
3766134
1283670
1283670
428016
35484
111636
898863
15488
720287
311308
543849
134170
2483991
plan  116
48
24
6
3
9
9
1
779135
720287
366550
869710
1382626
4223563
plan  117
278619
291630
13530
111405
13035
9612
44610
92134
335159
756770
16344
1507977
119391
plan  118
192
25842
3654
12441
4197
3867
3634
240301
567848
1507977
31635
938127
32036
plan  119
2908944
208170
308688
14826
4740
2523
17313
30639
729290
36862
1507977
80555
7932916
plan  120
9704733
40488417
1190523
660462
684615
842758
228207
432996
432189
1507977
32649
plan  121
2188488
80043
10317
4101
45375
4203
2352
451640
1507977
12968
511303
773660
4223563
plan  122
106641
13321833
540354
11340
2469
10629
4467
508632
27024
411823
513406
2279845
32568
plan  123
8563350
321888
658194
73350
85224
217350
1380035
37784
364519
665819
1279379
58504
1637694
plan  124
35913
15159
786
3459
1008
1302
6925
36532
567848
1507977
38654
838462
26040
plan  125
27072
27168
2001
634581
20334
7596
2076
673167
713005
1304402
12814
4223563
118179
plan  126
13992
636
12
3
3
1
1
298270
51279
624108
869710
882450
1067821
plan  127
534579
10740
97704
8073
31485
12750
44541
115674
1507977
27575
1328923
1554
5526466
plan  128
64950
110928
38004
2418
80202
46053
47385
460012
615310
14794
1457848
1664509
61786
plan  129
11847
11847
33
12
1
1
1
753832
404607
1441006
230624
4945240
120701
plan  130
2555376
37981332
1753116
22374
50673
26628
44575
272977
569409
58462
4945240
1294147
2483991
plan  131
710730
39033
12960
13164
35796
73203
42665
70502
92134
34839
757320
332875
627969
plan  132
20652
22992
936921
9504
1980
5973
299463
2179
569332
215905
1507977
8610
124803
plan  133
22128
29898
26118
507
192
93
30976
1981
207971
714443
947346
23432
106020
plan  134
60960
3321
15168
378
1146
31047
33757
105373
5534
331516
1507977
25858
708801
plan  135
3900876
10678074
1106598
49542
468441
474444
842771
158148
379114
43668
1328449
4223563
60201
plan  136
8366709
702786
848931
17775
1239
478518
165260
798228
2207
479394
940235
116048
7963382
plan  137
37260
8046
58763265
890757
128847
60357
51936
460012
665447
770019
850265
2492
909648
plan  138
58431
79485
852
852
42
90
4838
2141
39230
869710
299463
1369033
91916
plan  139
4509102
543180
39990
19185
6438
2244
5971
74928
438052
460012
57324
1378150
11815352
plan  140
1684164
494343
242826
159555
198012
198012
92248
102130
842771
432996
581525
13156
4223563
plan  141
4449705
1257492
2329308
40101
20136
7428
94302
42442
418995
522675
1133733
79007
1336012
plan  142
75255
75255
25086
144
30
1
1
762297
498837
2091
8073389
156345
93747
plan  143
8011629
211248
374826
37620
16833
11682
100640
104247
136857
177030
640218
87461
12081448
plan  144
9879588
1434519
156930
300681
62862
88761
29587
842771
467301
730073
62023
619963
4223563
plan  145
4524
42060
372
120
18
12
475
3626
352141
1016470
336844
1418211
15725
plan  146
840
948
3633
2388
1554
597
3971
133085
159645
192001
199486
14296
119196
plan  147
18228
27930
294
99
3
1
1
743985
46688
4244395
460012
1067516
74159
plan  148
180
405
45
15
1
1
1
798232
310984
4826624
163014
974642
87181
plan  149
1896
540
540
2430
1158
1404
3356
59750
142042
416877
56952
134170
10393433
plan  150
7566
97474992
991815
21483
8484
5760
5373
299463
455431
631662
836782
1507977
47056
plan  151
1266
1470
36
36
24
87
4838
2047
10991
283721
105373
961867
114126
plan  152
9908379
3480318
11217378
41673633
1202427
324105
393141
220308
508597
896741
41876
59994
909648
plan  153
30864
3933
1677
1968
591
615
1
74445
796482
864767
364519
82741
48544
plan  154
9528
1290
78893
1854
87657
7917
5088
4838
197339
353064
409067
10698
2358638
plan  155
126117
927
2226
249
21
18
923
1758
407723
238283
4031264
49897
4645188
plan  156
768
768
24
6
3
1
1
743985
338168
1507977
49628
5703781
84605
plan  157
4752
46607973
69503241
1304463
1304463
91548
92134
36345
355142
842771
619065
94776
42302
plan  158
405
405
135
3
3
1
1
842625
592335
105373
1074716
293553
134170
plan  159
918867
24751914
27241122
337848
22302
22548
255022
1721
798230
59994
923943
121822
4223563
plan  160
1350
270
540
54
18
1
1
773462
2686855
460012
1317041
74818
1434362
plan  161
120
1272
134101
1272
10530
4020
2139
3198
164762
359438
561103
17628
2483991
plan  162
30255
489
1713
12
6
102
923
5534
97381
271140
1507977
30174
6595477
plan  163
42240
10579584
8420850
292200
40704
49380
20644
86462
643076
869710
1148727
4223563
2047
plan  164
30240
630
630
210
6
1
1
798232
442062
4829172
460012
91408
3172697
plan  165
5184
648
648
108
3
3
908
119695
180121
46530
1007265
127616
4908135
plan  166
5796
207
459
9
3
1
1
760559
488178
441046
1507977
86286
6586703
plan  167
8636106
17124654
262998
459996
249423
306825
387981
214645
107817
234403
59994
2090907
2483991
plan  168
280332
10742046
697470
14922
1416
54582
65966
460012
19080
1461179
807589
826029
4223563
plan  169
108
1161
27
3
1
1
1
223441
909648
224706
4481001
980377
13372
plan  170
5446188
17336142
270006
15480
5391
1482
45178
85450
863095
359355
1367266
12081448
50624
plan  171
29166
618
101644
996
1401
561
399
3646
44538
285919
961646
17018
8081197
plan  172
220932
1938
1938
57
18
1
1
735464
861115
447557
5511162
134170
4924418
plan  173
2748
930
90575
1284
9702
3204
1413
5016
62462
226719
1921080
10194
7411235
plan  174
96536
15630306
763827
68664
81291
86100
5465
516111
364519
713042
622278
661006
29997
plan  175
1248
1572
1968
579
459
615
4524
29806
429643
806648
909648
27158
111356
plan  176
1080
1080
15
6
6
1
1
252594
1454196
158148
344024
539212
134170
plan  177
528
576
9
3
3
1
1
795913
814562
364519
1019334
950714
119055
plan  178
26274522
7341294
701193
1681674
71346
40260
104954
85277
460012
631327
62248
575199
836158
plan  179
684
1368
36
12
1
1
1
842771
115098
2056538
367087
618472
50040
plan  180
1050
1050
15
6
1
1
1
513359
603163
1564004
191047
4945240
117978
plan  181
596010
20950296
1755576
164664
46746
29154
78624
251144
330191
770148
1288849
46318
2483991
plan  182
21624
636
795
159
3
1
1
820836
52969
12064435
1368997
89221
4945240
plan  183
3024
528
89076
648
147
84
282
12649
10342
451383
1495547
14340
1441006
plan  184
2430
135
675
45
3
1
1
149041
333065
3837989
793362
62278
2820116
plan  185
1203
3162
498
168
69
147
815
6180
92134
287743
291287
371975
45307
plan  186
732
201
2091
615
33
36
4780
1721
219834
337826
572758
10369
2483991
plan  187
756
756
252
6
6
1
1
762297
869710
92134
4649588
143361
97772
plan  188
1770
1770
591
9
9
1
1
713042
588070
158148
7283263
290906
19868
plan  189
15951084
7977942
35789295
666852
49149
59073
76798
258893
431490
751022
918275
19084
909648
plan  190
546
588
21
6
1
1
1
842771
376622
4223563
223619
716883
128281
plan  191
13770
918
918
27
3
1
1
656715
460012
4223563
618406
131909
4608543
plan  192
109212
1470
125607
1710
2073
573
309
3393
55471
244296
585089
11354
12081448
plan  193
4911795
22610352
58532358
1105629
1105629
539699
369078
45828
141004
842771
862566
43810
567848
plan  194
432
1278
18
6
1
1
1
842771
2953170
162185
429474
965559
50497
plan  195
6943194
27129558
9043185
12537870
196383
221178
589296
6068
38250
377468
103572
301663
1336012
plan  196
7182
798
1026
114
3
1
1
535049
251915
6077194
852772
88272
4945240
plan  197
360
360
879
21
255
15
1514
2053
529977
624108
1507977
65000
4137295
plan  198
3038856
18733866
1127181
375762
842631
16128
127764
1599
1149745
49871
460012
28774
1336012
plan  199
5262
7614
13020
1539
612
2157
12649
52045
105373
413456
584087
7568
103469
plan  200
1405293
15858
15858
528
57
27
923
624
176214
831548
233199
134170
10665964
plan  201
1350
2565
2565
285
27
240
7480
2141
136910
178186
869710
1336012
68041
plan  202
576
5805
4281
321
354
90
827
11398
20233
230973
7983831
109619
17683
plan  203
463185
9855
9855
3285
45
1
1
643076
743746
2881311
447336
134170
9842917
plan  204
1638
12870
78
27
3
1
1
842771
909648
2275791
368117
1146900
18769
plan  205
2136
2136
27858
4443
1329
660
4550
28428
200184
1441006
2306907
15758
134170
plan  206
3168
3588
109119
4404
3585
825
1212
8093
32728
429643
1140193
7978
2483991
plan  207
124680
10596
118379
11634
943695
120861
72855
32853
614313
460012
488051
236
5782024
plan  208
33516
1764
1764
1635
111
297
81384
1721
236804
818207
41366
134170
6504816
plan  209
101340
2223
2898
408
135
195
83026
2193
44950
105175
603265
101146
12081448
plan  210
1980
1980
660
54
6
1
1
95972
739050
1177740
3020793
203047
56189
plan  211
15000
1500
1500
15
6
1
1
745541
683306
257720
8488857
123043
1517899
plan  212
8568
8568
408
135
3
1
1
798232
629716
2714792
223596
4579664
21478
plan  213
11760
15036
84
27
27
1
1
842771
585521
364519
426341
1428723
107405
plan  214
8232
9948
186
165
81
72
4737
2207
141283
346812
299463
633384
115490
plan  215
286440
840
840
279
27
1
1
798228
543917
2483991
365000
133607
4945240
plan  216
12960
1080
1080
360
9
1
1
665819
869710
1429929
20618
74390
35100
plan  217
1458
1716
2380035
17301
1926
1926
105373
1721
842771
339592
1390584
14330
117527
plan  218
552
558
2127
810
924
1761
92134
1028
498606
154968
278243
59994
131950
plan  219
1635
1728
824235
13119
1509
2562
38934
20376
105373
869710
1319863
12712
115568
plan  220
266892
23118576
1135866
25878
2784
37119
35386
270360
24138
1507977
1746633
714595
567848
plan  221
6120
8280
360
42969
17376
4575
95972
3207
381498
460012
4796
1389607
93482
plan  222
7254
9243
117
3
1
1
1
758915
418660
434393
12081448
237501
116353
plan  223
143550
10920
10920
630
1080
90
4419
2115
235199
283781
944946
134170
4223563
plan  224
5712
816
1092
12
3
1
1
842771
478374
1441006
1233315
84920
2245293
plan  225
2462436
452382
89979312
622848
20853
10062
6498
356439
448549
1507977
1622396
13652
6139390
plan  226
522
540
18
3
3
1
1
842771
628109
299463
1523581
845187
122950
plan  227
912
2160
48
15
15
1
1
766822
869710
105373
365060
1066824
81049
plan  228
4971
4971
36
6
6
1
1
798232
379043
105373
1243743
1392475
134170
plan  229
936
3900
300
24
1
1
1
842771
280708
584841
11851874
845955
52777
plan  230
144
12768
768
255
27
27
974
2141
375828
406861
322915
1438518
7932
plan  231
8086002
36057474
1225626
42513
10239
130512
13152
380488
12179
869710
49522
1846648
1336012
plan  232
6522
945
1551
516
42
2010
10011
704
344165
62618
238513
116794
3092
plan  233
18018
1386
1539
21
3
1
1
781915
264995
511691
12081448
121700
4823416
plan  234
2118
762
1128
24
9
9
1156
2199
764147
354364
770850
75447
12004895
plan  235
684
684
342
114
6
1
1
798230
108545
5037879
460012
80974
110000
plan  236
13680
1140
2280
60
6
1
1
344165
521355
365892
12081448
94566
2853574
plan  237
194688
77989575
19910901
321171
19065
6621
587679
2207
444470
623244
1023469
1336012
31816
plan  238
573
3501
417
183
18
6
986
841
283026
869710
909648
637896
16298
plan  239
238140
1470
1470
42
15
1
1
758915
797312
189280
4223563
79005
4945240
plan  240
561
561
186
186
12
1
1
331516
401444
6902028
441787
263066
134170
plan  241
31914
21858426
812766
4365
588
513
3690
38115
222677
646194
59994
825631
1336012
plan  242
110352
36783
417
837
18
1
1
795913
463089
1108976
48908
8546120
460012
plan  243
25578
522
828
90
9
3
849
1599
266362
750514
541986
91526
12081448
plan  244
21794250
23057088
1392135
1400631
41928
41928
12840
11844
842771
1073450
133378
1503418
4223563
plan  245
828
828
276
6
6
1
1
796482
661471
105373
2474805
392751
107871
plan  246
864
864
18
6
1
1
1
798230
364519
46688
278172
1115362
134170
plan  247
4501914
34330152
1411908
485601
171273
330885
35005
104464
61883
211121
13608
2028917
567848
plan  248
2448318
11997837
15559815
583275
37065
1461
59994
27593
1279367
850995
3008185
4223563
22638
plan  249
10074744
210516
47867403
2311629
381696
276972
144623
371154
460012
530291
653059
39356
11948969
plan  250
5660778
17481843
557307
53199
111864
144501
20311
129454
633551
43756
1604749
727518
2483991
plan  251
6012
1854
49962495
421080
137841
137841
277647
6071
841615
460012
823280
10908
1040578
plan  252
114816
21063081
5206596
9058479
110175
6219
754720
2195
747152
1253952
83384
1336012
59994
plan  253
15267846
87289116
1943244
103014
2940
6375
58842
87151
47538
4689113
1502954
4403034
20523
plan  254
1704
2193
84
84
81
39
2076
2176
313067
238580
567848
1507977
113873
plan  255
588
588
195
3
3
1
1
730042
482477
299463
4384700
245938
134170
plan  256
9783870
290376
25900353
685227
126708
115122
674890
40621
447381
793397
1000568
54550
1441006
plan  257
18055212
551808
924378
42012
95829
78537
145002
209220
621255
51384
1424485
87517
12081448
plan  258
2138664
16854156
11063256
123972
42852
42852
507070
1721
842771
449235
1220249
21552
4223563
plan  259
1297320
1140
381
75
3
3
1
62721
760559
122739
1441006
420186
59994
plan  260
34029
1500
1500
186
63
15
830
624
589191
393693
1113356
134170
8991024
plan  261
96
672
96
33
15
15
15486
1
709686
869710
400150
293329
49792
plan  262
10332
492
492
12
3
1
1
751604
1103515
437562
1304912
134170
4572471
plan  263
17293926
30546750
24005412
1614360
118884
61815
21309
749673
58456
1129403
869710
901577
84921
plan  264
2490240
109723776
3568332
1189443
112977
113715
728843
2197
798230
360356
365729
4223563
41686
plan  265
39288
444
102284
708
43314
29691
14229
44827
135756
152856
474781
1746
4945240
plan  266
3794310
239541
93471
397629
73338
97229
267380
731622
33545
449020
6414971
plan  267
19458
2955
261
330
15
52058
475
751750
113536
728338
2483991
plan  268
1344
3276
468
6
27
8093
1028
27994
226768
1829755
53345
plan  269
20946
8256
11976
2163
756
923
41116
82895
304454
91761
1132108
plan  270
44421
4677
8649
297
210
104954
475
323175
587228
61811
1703057
plan  271
3375
3375
135
3
1
1
614313
421493
7678626
611812
84905
plan  272
2958
2958
987
33
1
1
755619
364118
5245099
269092
89865
plan  273
128274
915
2271
42
33
715
1859
94331
1449473
61962
11612272
plan  274
3420
4947
114
159
18
830
2145
507036
30548
459700
86669
plan  275
6301638
143360064
29943177
1379238
88671
449630
73269
470172
536903
15050
4223563
plan  276
7155195
150563259
2515155
159297
88671
449630
73269
136666
536903
17320
4223563
plan  277
9250119
4545168
198588
370359
127955
793133
519105
20300
640011
393641
2483991
plan  278
7208463
143197992
4764537
122475
34398
13491
674890
331440
1086322
10694
2483991
plan  279
924
3276
468
6
27
8093
1028
27994
226768
2175281
43311
plan  280
1980
396
441
45
12
12
1
285873
11
1626425
1037400
95249
12081448
plan  281
8100
8100
324
12
3
1
3
1
909648
240315
3925920
1346901
130827
plan  282
31101
13767
18417
738
54
88
87
3568
2205
776029
374510
102634
11402480
plan  283
1224
1224
51
1
51
3
1
1
299463
97049
854068
4258725
73528
plan  284
9696
9696
9696
96
33
33
1
499514
32
83462
11219678
432996
134170
plan  285
85719
6759
7167
825
405
486
14162
10809
567848
869710
1208329
126008
4683641
plan  286
1007946
103551
8019
21483
1185
831
25500
12429
257891
1507977
60249
777953
1012240
plan  287
1678938
57174
19059
51522
1131
187144
210
22840
49162
1507977
52996
410219
8919811
plan  288
43053
2670
3186
72
24
6
1
624
597166
446325
1034120
111902
5482599
plan  289
2278623
53364
16296
225591
41265
38751
59994
138960
364519
1089317
6935
657803
3720133
plan  290
410028
85752
5625
8151
243
243
111003
2091
243
553863
87031
42528
12081448
plan  291
1938
1938
657
810
921
1665
49516
12429
11254
419796
299463
422477
134170
plan  292
1667304
18690
29328
231
696
1
696
53451
704
158906
1365922
94380
11495423
plan  293
14145
1053
186
45
3747
591
58710
1260
1507977
8057
862905
3103823
4261686
plan  294
6808272
177423
211740
74862
73875
964512
21935
12081448
97006
153466
189259
112961
4368566
plan  295
31776
9918
12918
330
111
1
1038
7754
5362
232372
634593
105228
5255579
plan  296
1512
681531
103485
2352
1065
1197
1
719342
257891
391654
4612956
243552
23366
plan  297
609153
971202
37606347
449568
13068
22575
22574
186177
46688
185125
439134
257891
71588
plan  298
5400
1800
180
12
12
1
73827
1
869710
12
4223563
379549
242200
plan  299
54495
75888
2001
1908
174
16911
421444
2170
1
524200
567848
676887
95670
plan  300
47466
3294
354
600
66
30
2904
1830
201236
313823
68051
3871998
5492693
plan  301
99396
99396
33132
22725
765
766
765
20298
2170
107959
547305
357702
134170
plan  302
962
1923
75
3
1
1
1
567848
1
351383
790175
472931
82583
plan  303
1004433
66579
20820
14244
101169
779652
23688
664839
2207
1
449607
460012
4240199
plan  304
35106
8085
4593
1443
47526
307140
30659
200976
17156
1
362207
483153
2483991
plan  305
111285
11409
6084
6246
2280
7710
10682
17811
92134
460012
6246
713951
3458787
plan  306
1204800
898146
5958414
181866
38478
16032
16032
62059
75837
108711
587025
18588
1336012
plan  307
337992
59136
99270
80022
1416
75
75
17744
2147
75
961772
22462
12081448
plan  308
87120
87120
5808
528
177
1
591
18648
1859
326239
869710
1084857
127802
plan  309
628314
5433
162
972
1017
71745
9334
195638
624
1016
128746
852337
12081448
plan  310
4576743
352677
68478
71145
167835
224544
16126
267804
132705
105373
71145
869710
3627463
plan  311
9744
11904
1638
324
108
1
4917
22906
6068
221949
652534
908256
91948
plan  312
734736
223578
204522
419154
22626
9819
45978
29808
280668
1507977
57169
760923
853651
plan  313
71817
4761
3456
1893
42228
316866
12514
657015
2147
1
374718
400688
4180611
plan  314
25344
25344
12888
4296
4296
168
55606
475
779810
4296
389269
8510730
134170
plan  315
24000
730764
1461144
121791
1707
141
44886
339
516227
745468
1507977
62290
7017906
plan  316
2970
3780
231
32853
2577
1926
105373
1721
295007
302209
1
59994
115685
plan  317
6061632
1197354
95490
240318
252690
291057
38536
190498
114526
567848
22388
3442805
189445
plan  318
7420506
7430181
65313
48519
4266
1434
1444
481
302785
321326
364519
1193936
133779
plan  319
49416
4290
25908
2844
3468
1638
1700
152493
134144
364519
991144
12551
377537
plan  320
1118364
385269
706755
4854
3546
3561
183195
1043
3562
266455
1507977
68528
909648
plan  321
10494
10494
318
105
3
3
1
299463
2
1142492
249914
609754
134170
plan  322
13824
62832
65484
2592
97212
55938
31192
51103
798712
841
602825
131296
1336012
plan  323
32634
2589
1107
1677
237
612
51506
891
364519
869438
93020
869710
1286823
plan  324
2900523
83823
17160
17031
10479
42816
44546
410765
34017
415114
567848
645960
1020779
plan  325
1574472
3623754
332040
33246
11871
41334
43602
171930
105373
182253
304256
569126
77234
plan  326
7262907
1872657
2681331
862464
514869
137283
190620
144468
199486
321817
460012
96595
909648
plan  327
210
69
42
33
9
1
357228
385844
707223
14846447
42348
2472620
426470
plan  328
792
264
303
87
171
132
48664
330
1151105
82691
869710
920031
1441006
plan  329
11166
10359
3870
12474
5475
50253
1492
4945240
151886
713989
26362
785529
909648
plan  330
163056
32742
874776
39618
17814
53019
4662
3774633
163952
367708
1384088
4416
467301
plan  331
25755
34212
381
312
4743
64470
69706
92134
2192
1
226620
914926
93096
plan  332
8179884
3663588
3663588
1221567
92847
7821
12958
88002
57776
114191
266819
134170
909648
plan  333
1413840
3126336
8127
573
39
960
43479
704
1
93205
851695
7268869
966
plan  334
7786662
307863
25455
32577
5811
5619
53850
88051
335641
777778
103180
1007142
5448613
plan  335
1332165
1171914
177864
1361787
58440
69255
4550
3922235
231267
1507977
15178
513771
567848
plan  336
4239762
64623
133680
13959
8871
139512
50958
869710
20376
295692
448735
60022
9008260
plan  337
2334585
196776
19893
16974
9264
86964
55471
978929
16397
213682
267380
869710
2483991
plan  338
201
279
48
15
3
7887
364519
2179
1
499568
460012
1383438
111070
plan  339
198
198
66
3
1
1
1
567848
1
639984
4945240
295504
126812
plan  340
74553
3219
3249
2037
960
297
1
753988
144831
909648
203466
3248
750931
plan  341
2949162
17569785
84276
7119
53331
7329
7762
168129
339401
19215
373531
689409
1336012
plan  342
1156281
58500
97728
6525
26565
1278
45858
5478
752050
43402
869710
2483991
3400204
plan  343
7499784
184392
18198
7383
23094
3135
59994
13914
351267
35345
360298
694035
7716115
plan  344
864
10368
216
9
3
1
3
1
909648
314935
4053281
662525
16072
plan  345
127914
7530
390
300
168
957
42414
5091
105373
267470
475057
1507977
4222815
plan  346
298659
156606
17337
22662
35022
45957
2136
24224
20376
88222
22662
213526
2483991
