plan  1
10440
10440
2088
2088
36
2244
759
74313
110494
74996
959
217686
44768
1507977
134170
467301
364519
plan  2
7512
9546957
21115665
174087
9567
13419
46518
15585
24592
46067
460012
40621
13419
539379
1507977
54879
50866
plan  3
197166
224064
261354
9918
3726
3312
3318
3318
38328
24592
165314
20682
441787
783877
898801
364519
119704
plan  4
13680
13680
4560
13680
912
48
9018
24592
29997
813
6773
6180
508362
1444176
33552
460012
257891
plan  5
168
7248
24592
22476
112092
23712
7905
534
534
21978
5322
111256
2205
533
220591
460012
12081448
plan  6
157467
25692
180726
6900
936
960
77544
26136
24592
182260
460012
4499
960
869710
986011
18979
1012240
plan  7
88320
90030
30009
58509
1509
443742
94848
164811
24592
320054
2053
120491
59748
1126370
64318
460012
299463
plan  8
10800
27000
1800
60
372888
120174
34533
121806
24592
278605
4566
103819
460012
13414
12081448
1366008
37214
plan  9
136236
873612
873612
45768
18540
6225
2418
11412
51260
55995
55247
88953
181912
267380
1507977
134170
2483991
plan  10
456
552
30
15
45
12
12
5088
24592
56144
1475
12
1507977
31849
589596
4945240
105373
plan  11
15456
15864
5289
32163
11211
141
216
216
69279
110494
30019
2904
367017
784603
909648
460012
113985
plan  12
34200
2280
759
11400
759
39
6300
24592
21239
813
6773
6180
550352
1507977
6180
460012
11161683
plan  13
43296
43296
1056
96
6600
372
132
513
43988
4092
102102
159179
199486
567848
869710
1507977
132528
plan  14
81432
2587734
54642
18591
14301
4779
147
249
110494
479
249
257205
460012
763518
1633287
4945240
38626
plan  15
24
17202
1533
3411
417
1
417
39234
23112
24592
128946
57823
169660
923718
68966
741569
24292
plan  16
430560
9018
24592
29997
23615520
769842
2471736
24582
1266
1278
1821
2145
1279
583193
1507977
37777
2971936
plan  17
191418
89442
89442
89442
116805
88053
7884
36000
36090
24592
159364
176348
26801
3492696
267380
23560
673943
plan  18
13680
456
456
456
696
12
645
59994
719
190650
110494
204763
1372244
101108
786333
511303
12081448
plan  19
177408
1064448
1027656
47580
44019
14733
46203
90249
110494
88234
20376
76659
271865
42342
1293635
4223563
40384
plan  20
274338
546546
42372
385740
20064
6687
4599
110494
30237
59994
76281
120491
447341
450145
19923
775331
4223563
plan  21
82368
3168
2862
846
3072
450
1
450
348
96372
25449
25042
666652
47461
817367
1441006
4945240
plan  22
6711
2802
2064
2739
195
312
249
249
110494
479
249
267380
381218
448897
101195
584867
909648
plan  23
144
144
813
138
75
855
969
1
969
110494
612
109619
187043
549473
256401
1441006
110599
plan  24
27831
3727074
140559
121470
647283
6336
7326
29787
24592
57576
5362
7327
1507977
22542
567848
869710
957
plan  25
401328
1
401328
401328
133776
297654
3258
105
14205
24592
5030
957
637946
820970
74435
460012
567848
plan  26
216228
129720
241431
32163
7704
7860
14241
3360
24592
34736
1545361
20376
7860
489814
1490573
65194
21040
plan  27
380406
876312
292104
18327
483
796
795
76845
79416
110494
128946
120491
7006
4945240
1306495
233233
28990
plan  28
18492
6165
6891
3549
4041
105
45
25737
24592
79074
1156
101404
902022
123273
537695
536289
460012
plan  29
125424
21744
4728
15576
768
438
147
9018
24592
29997
96786
460012
491356
1326795
37721
1012240
2230302
plan  30
142560
11708892
442785
573819
7122
3402
9150
9231
135086
1099
9232
205341
617998
1507977
104460
3913896
21368
plan  31
108
360
2968566
81882
27294
5853
1749
1766
1767
9180
5362
100942
473070
346179
1507977
567848
26197
plan  32
28080
1080
10998
30294
810
273
192
249
110494
479
249
220308
460012
1423275
58377
59994
8173494
plan  33
150696
11592
546
249
426
786
15285
25158
24592
130707
95352
3207
70783
426
508448
59994
12081448
plan  34
340884
452880
747792
249264
38484
7296
9615
83736
3664
753988
41512
119428
17246
1012240
190918
1336012
135086
plan  35
396120
512244
12924
1824
978
996
996
122463
51486
24592
198042
119478
8646
845360
1012240
1507977
108177
plan  36
73680
2652
4572
360
6351
5511
2691
110494
25239
26148
156429
471519
120491
442471
802536
105880
4945240
plan  37
390816
399132
3444
1149
1148
1149
78822
42477
24592
216125
190458
6749
580368
25958
460012
4945240
3137837
plan  38
144
76248
76248
3345
849
849
1008
3894
39446
37281
67543
51910
441787
679766
1473090
134170
4223563
plan  39
168
327
328
327
1176492
197070
2074743
30609
10887
24592
52686
119396
1507977
10978
233215
7076
6180
plan  40
9216
4632
4632
4632
342423
111237
2678757
43995
15585
24592
46067
100498
1507977
6669
460012
23692
1599
plan  41
51072
17025
111
111
3
27
9
15
1
269117
46688
64385
110494
693236
112
11589555
452137
plan  42
190560
199566
18702
92274
6372
2136
5358
49092
16934
460350
55247
81092
181351
488838
567848
823019
127507
plan  43
138240
47454
7287
58560
1416
3321
510
3237
24592
31166
107557
320143
2145
1507977
17170
10362
1495484
plan  44
42066
72477
16596
28101
52524
2853
2187
66012
24592
216996
6773
1336012
376657
60707
28101
769448
20470
plan  45
125400
6600
215034
71094
153000
7491
2241
2268
110494
1099
2269
103073
551965
67836
460012
59994
825612
plan  46
136260
17046
6210
30300
3414
3414
3414
603
46038
110494
49164
50801
59994
1507977
25850
616103
4257637
plan  47
1296
52200
2952
2724
16989
513
12777
12933
64798
2176
12932
122853
1507977
24104
41578
869710
10548984
plan  48
333792
724224
59208
134676
42702
513942
8763
9654
24592
3034
9655
1008252
9562
460012
59994
575969
92134
plan  49
38478
2298
2562
63
33
33
36
102651
135086
93081
4499
909648
33
823184
1173110
124782
4945240
plan  50
102720
14448
4815
459
1317
51
50
51
5148
24592
20310
10510
1435404
48679
399148
410515
5686298
plan  51
27324
1266
12435
25296
654
81
81
15579
81719
51350
2170
81
161559
1238368
61881
4223563
18926
plan  52
120564
7768317
2589498
168567
170949
957945
17382
50394
110494
46067
46265
1507977
21576
170950
391629
428371
40914
plan  53
141216
659430
35022
21294
1380
459
1746
17634
5878
186176
55247
59740
349461
672588
257891
1507977
46491
plan  54
306
306
500580
3618
294
99
98
99
7407
110494
6164
30530
358448
512773
1432626
567848
116855
plan  55
60
90
30
15
15
3
3
7668
24592
23780
10608
120491
538483
441787
391191
1507977
47173
plan  56
186
186
126
18
6
15
18
6213
110494
3090
4499
17
236036
869710
1251126
1336012
134170
plan  57
18
18
27039
383661
30931536
275853
60687
77001
24592
127716
2198
119478
1507977
2667
171870
11356
8219520
plan  58
4032
3906
12051
17994
26502
2835
3615
3459
24592
35776
567848
109619
896509
120491
78763
32344
475694
plan  59
414180
138060
76635
190488
3303
1653
93
414
110494
352
21996
857666
119428
693154
56802
450564
12081448
plan  60
260724
14694
196362
65454
4551
16905
1110
5619
17466
82713
93111
133257
22193
394532
460012
1336012
4945240
plan  61
89193
5793
1
5793
471765
311895
877035
47877
50394
110494
46067
120491
854309
41966
432996
9404
285256
plan  62
312
24
93315
941736
10491
3519
924
942
110494
1039
942
238314
460012
1507977
11823
58674
909648
plan  63
21
1854
24592
7775
21950136
314634
13149
3186
1
3186
44274
5495
248929
2047
120491
788842
8170074
plan  64
224640
17280
3373386
1139643
2891301
28083
6480
23913
24592
149732
2053
105690
1480057
46361
446393
15566
783332
plan  65
278808
17460
5109
1707
1
1707
5376
324
48831
110494
52686
6773
278708
52893
417686
444354
19022
plan  66
39240
13971
852
1950
1812
12648
12648
48831
110494
105373
39285
842771
197008
267380
71981
536242
21438
plan  67
75600
5604
2578746
108105
10212
54351
4044
1842
110494
11897
460012
1507977
23136
705114
1088211
13050
4945240
plan  68
20490
34587
1530
741
933
300
471
92157
110494
184807
21960
758123
226221
364519
511303
1111248
71031
plan  69
15120
15120
5040
8400
561
35523
9936
37962
24592
185142
6180
119479
41462
1507977
93946
460012
2132651
plan  70
960
1046226
55992
183978
3507
29565
6849
23811
24592
764147
2195
120491
172312
1507977
30361
12081448
2386
plan  71
162984
189618
189123
4860
1914
363
363
34584
24592
310755
4499
842771
459243
511303
1477308
567848
113600
plan  72
6792
5916
624
10791
34332
405
115830
115830
135086
208031
842771
1028
1070512
37246
59994
837743
909648
plan  73
4320
540
540
36
18
12567
1545
1305
110494
7721
241612
658143
59994
826550
4945240
127141
7875409
plan  74
360
2180496
8001030
93831
30570
8103
8226
26136
24592
364519
12328
793133
120491
460012
1507977
33144
17520
plan  75
378
636390
1523097
35727
15093
6153
6456
109677
110494
567848
6180
768650
120491
416837
1507977
48603
18208
plan  76
64800
249780
2604600
868233
324429
169590
137883
4634
1160862
146505
110494
270503
46688
75725
446512
49360
2483991
plan  77
429627
426654
27885
66315
3045
936
58782
61146
110494
122585
798225
56492
220308
470564
62592
869710
1336012
plan  78
9918
9918
291
432
18
15
6
189
70509
959
110494
460012
691849
1507977
89502
4945240
299463
plan  79
4500
4500
300
74190
1248
1275
1275
98613
110494
200218
23487
842771
567848
1507977
15780
4945240
128051
plan  80
696
231
3
3
3
3
159
26052
110494
20376
959
59994
842771
469752
364519
1261141
147973
plan  81
4752
9018
24592
59994
44703
6876
18231
1959
2247
1602
7480
55438
237785
432996
1275030
39611
2991207
plan  82
363312
7284
24592
45930
2720142
119478
10182
45012
59529
117459
11263
48255
59793
590177
120491
391342
11819634
plan  83
240
720
144
48
12
27
9
822
24592
79565
6773
460012
53730
729576
1507977
4945240
76173
plan  84
333588
850557
18555
1677
13785
255
138
403209
140676
732852
4566
119352
1254443
14658
729909
12027610
32900
plan  85
1428
1506462
21483
2007
2007
672
242130
23466
503721
1032
110494
1402
407982
627695
2389250
4945240
20694
plan  86
10152
6933555
23929086
266964
88989
21966
41331
15585
24592
92134
87528
679738
239433
386905
709011
44899
43996
plan  87
246240
246240
256740
18072
147090
50862
31983
35379
110494
163032
111469
452930
460012
46546
1507977
567848
134170
plan  88
504
12
12
60
6
237
5598
5733
122369
56492
795386
2011
364519
718277
56274
663940
59994
plan  89
39240
38088
2832
310467
704160
17187
4080
2028
110494
15166
460012
673483
1507977
53706
48518
4945240
257891
plan  90
756
1218096
820239
2962908
56958
52095
50043
12705
24592
158388
162185
257891
296444
705935
32504
579813
959
plan  91
24
315
15
24
30
747
57
29595
37195
265959
1859
1507977
4062
675495
135086
12081448
15798
plan  92
276
276
276
3960
17184
648
663
127788
110494
266071
959
793476
1327714
48721
27036
842491
299463
plan  93
10500
2196
2196
3930
246
168
168
91644
135086
167331
13790
842771
432996
663416
59994
858716
6645806
plan  94
372600
851082
1061760
37752
744
611751
209052
105993
110494
798161
460012
591122
1514
4945240
1507977
112318
2483991
plan  95
483696
14784
3204
1461
2649
81
17511
27312
92472
120491
569332
2207
190100
72740
672081
8795933
21992
plan  96
180
30
489
4134
258
60
60
162
34280
29419
110494
842771
261894
1410350
21244
4223563
4945240
plan  97
148824
158652
2085882
74700
200940
2265
63189
63189
24592
425862
842771
1446
1393232
43256
770355
44854
92134
plan  98
29520
3780
3375
22863
933
27822
68589
66705
110494
136490
567848
20376
120491
1507977
27024
17606
869710
plan  99
227940
15207
85260
37539
155283
10269
7677
43896
47174
289252
60037
627694
1507977
39827
909648
24592
59994
plan  100
1440
1440
5767242
86655
28935
6003
4305
76086
110494
684383
46567
267380
351773
460012
1507977
15912
134170
plan  101
20844
612
1365
39
27
15
15
93459
110494
187095
667
842771
439529
511303
1507977
73841
12081448
plan  102
451800
61704
141780
525369
6822
1860
13542
13542
24592
205761
842771
12328
119045
880853
40918
59994
12081448
plan  103
55710
51174
54018
7962
13008
468
2628
2373
24592
46887
364519
120491
432242
89620
80861
7740
267380
plan  104
13752
528
2712
24592
17474
5727
528
58878
5844
5844
22341
6773
842771
1507977
2101
726960
12081448
plan  105
52296
278610
44049
184536
12840
11940
4710
4710
24592
95743
842771
345221
441787
1493092
35214
809190
17310
plan  106
6912
432
42225
1206
330
456
13713
115296
58337
535049
110494
120491
257891
665276
1507977
14046
4945240
plan  107
213120
26640
13320
624
720
96
93
294
63404
27367
110494
10018
1507977
118927
12081448
429643
869710
plan  108
5712
6432
24592
38570
300
150
39
72
54
54
36441
1427
412271
751162
909648
1410412
1012240
plan  109
36288
22740
630
2064
78
27
36
46563
110494
218662
4499
271235
433529
830271
40801
4945240
350975
plan  110
29070
656043
37869
37446
249240
6705
2334
2040
110494
12649
467301
460012
1507977
21130
567848
869710
8130
plan  111
31590
810
441
147
21
6
15
123
110494
941
347966
50865
120491
869710
405811
1336012
4945240
plan  112
266760
8892
8892
228
696
12
663
169572
110494
362921
959
26768
720883
46715
4945240
596684
11497386
plan  113
411
171
171
21
1053
36
69
6876
24592
95049
67434
120491
229855
49276
4945240
134170
10179541
plan  114
322422
6201
2079
810
810
2997
1734
70584
5674
816433
4499
274607
110494
842771
511303
460012
7514292
plan  115
9624
2160
2160
1752
585
21
65646
25686
24592
567848
120491
10766
4945240
367640
925885
134170
720791
plan  116
51840
26040
966
966
99
78444
78444
60282
24592
419252
46567
842771
5255
539324
909648
4945240
20604
plan  117
4002
629862
2415726
22878
7509
726
726
79416
110494
257891
1446
842771
414144
460012
1232096
40904
8980
plan  118
91521
2079
1249938
65091
83040
175389
48591
81465
110494
299463
82427
411552
57663
624108
771675
1402
4945240
plan  119
6600
535704
11022
2697
903
2388
2778
6519
218662
44534
46688
233222
54675
381600
727265
11974858
20520
plan  120
114264
265929
113913
37677
45195
15585
24592
92134
120491
750267
383708
427548
8190
19659
17395
45660
6071
plan  121
218883
72963
27090
4134
23067
9369
3921
43851
110494
204382
6180
63323
432139
19350
413633
1441006
379838
plan  122
39
81
39
311583
15225
4281
5097
23112
24592
257891
5362
732852
120491
495064
19076
1507977
71494
plan  123
181440
5022
582
195
750
1851
1953
4491
110494
44538
120491
158148
190603
45703
460012
869710
28028
plan  124
65532
12306
13824
648
73668
11388
6213
110493
110494
842771
6180
371457
697313
59994
1507977
121575
9393545
plan  125
220074
4944
1437
29313
1194
825
3609
3843
153857
959
776805
135086
646997
1507977
11499
909648
4945240
plan  126
268224
208032
69345
5535
5535
45
22776
74597
15078
9003
135086
2147
47540
265959
869710
192994
120491
plan  127
449712
8712
432
714
24
24
33
22737
110494
115843
4499
140368
433854
1507977
66147
4945240
12081448
plan  128
473340
11640
13842
100326
3696
1299
840
312
110494
827
663437
97758
460012
1507977
21864
1441006
4945240
plan  129
233982
16956
567
567
72
42
42
68598
24592
410188
959
754720
682132
727800
134170
4945240
5382606
plan  130
63072
864
936
127134
161061
2346
8622
2937
105373
2140
460012
110494
1507977
106479
124510
43224
4945240
plan  131
238464
5184
432
30327
112032
1179
38532
39375
24592
335733
798232
1028
1507977
38477
44286
869710
12081448
plan  132
840
120
24
24
24852
2136
255
1371
24592
83026
49579
461428
730588
42668
134170
4945240
12081448
plan  133
2616
534
294
62196
72978
1938
23202
15468
24592
213603
120491
11650
930708
118478
4223563
267380
539324
plan  134
312
13460442
661788
216825
817206
51183
63459
23112
24592
257891
120491
750898
616867
40642
460012
1012240
11274
plan  135
40320
25938
4062
510
450
4449
13191
37284
110494
172555
86256
53330
120491
441787
869710
4223563
10080
plan  136
19968
1536
3400647
121545
202776
3144
3342
175326
110494
376781
11022
726928
1447313
75763
869710
18500
12081448
plan  137
2124
401481
133830
55038
481233
10041
10041
23913
24592
299463
6068
842771
841646
16691
508545
421575
4499
plan  138
420
60
1048209
16371
5460
10638
1464
648
24592
71671
120491
485747
62853
434367
4945240
12350
12081448
plan  139
4332
25321188
134487
56775
5313063
92130
39735
42645
24592
353129
758123
120491
1507977
2463
515648
4945240
16768
plan  140
1116
7844529
103656
33528
8139
3309
3309
48831
110494
105373
5362
842771
120491
465168
460012
1345451
30932
plan  141
179406
179406
118110
2628
897
897
822
111477
135086
168901
4499
299463
842771
456410
1140837
267380
134170
plan  142
13980
11846910
15429744
227064
74904
26844
30630
10887
24592
105373
120491
720287
448824
460012
1367217
102934
46908
plan  143
413088
1686564
99768
441726
139338
354363
18519
4794
281160
2198
120491
510521
44108
460012
52614
869710
909648
plan  144
229194
3005865
199872
349629
59856
67035
67035
81465
110494
299463
99827
842771
272378
342379
81887
771763
58582
plan  145
101100
91212
2946
9015
399
87
33
399
46289
4499
110494
199083
547102
900650
61410
4945240
364519
plan  146
253092
19065
2265
3336
399
105
1158
2007
110494
11898
112981
120491
511303
924991
109248
869710
3138986
plan  147
54720
12984
1440
84
33
285
20538
62889
110494
307721
28387
149533
20050
460012
22438
869710
3342472
plan  148
287091
282489
2319
252
252
735
729
42579
1146
1507977
1397
89995
110494
842771
677886
4945240
257891
plan  149
96
96
1500
7803
3849
6888
33135
4572
24592
93153
182370
26105
120491
546516
2204
6240
12081448
plan  150
59196
1476
170862
11916
3975
12528
639
13887
24592
720287
6773
540045
47695
460012
59994
257891
4945240
plan  151
216
72
72
417600
328179
108192
19071
8367
24592
102716
120491
425810
460012
603045
34430
114931
4223563
plan  152
55440
2808
24592
18370
52587
8622
702
2067
39
12
2076
1446
460012
1507977
34438
869710
909648
plan  153
300
294873
98013
97566
3996
6618
3963
4830
34398
107397
24592
60037
307721
869710
299463
350907
8980
plan  154
435240
14508
372
372
186
354
12
291
11033
959
110494
963071
64994
59994
630797
4945240
12081448
plan  155
66
66
33
15
36
18
159
1554
44538
17709
110494
105373
975318
23404
869710
460012
429643
plan  156
80400
14160
4314042
162762
51654
187776
6927
24033
24592
787300
2207
597482
42493
460012
755226
59994
10420837
plan  157
4026912
793536
5424
1809
2061
1431
18456
227682
24592
434855
1446
73075
120491
113318
456170
23670
9557944
plan  158
1305024
236928
1043568
19008
6711
8802
1137
5874
24592
66691
87528
852073
1599
49808
1330295
25038
8674385
plan  159
1832346
2228274
111780
39606
13203
9003
22434
136518
47056
521253
67543
58644
267380
282568
692190
1507977
109010
plan  160
16056570
209598
271506
7017
984
327
336
30708
24592
54810
4499
336
460012
622312
1404760
104295
12081448
plan  161
4492800
11681280
1946880
49920
16641
118134
139167
186798
24592
251029
2193
42821
42204
329413
1494423
1444820
49305
plan  162
32220000
1222890
3627039
34185
34548
9735
33156
29784
24592
57557
364519
40621
103819
34549
1507977
40372
854570
plan  163
665280
44352
14784
44352
336
2433
648
29604
110494
23344
6773
25630
2483991
767763
42781
435274
532119
plan  164
7885605
2535246
1049313
1
1049313
2209416
825705
63375
26136
24592
182260
83800
199486
302292
67215
463384
460012
plan  165
21205800
7068600
90888
33276
3333
6180
339
50394
110494
46067
6773
1015356
82790
313073
9532
4945240
367700
plan  166
1411344
78408
100284
4452
2226
741
858
3198
33584
37278
55247
59064
430088
511303
1074640
110137
7949037
plan  167
607134
201684
143436
7644
25362
1767
1227
1386
135086
1123
1385
267380
489050
34543
395036
364519
460012
plan  168
2970072
185832
17049
25761
480
31494
13302
48831
110494
52686
46688
95993
142717
569129
78125
59994
524575
plan  169
973482
2306856
123054
5586
5586
5586
78519
80610
81465
110494
149732
118640
283220
37632
869710
992868
93983
plan  170
1188246
438924
692400
22284
13518
4506
1971
1972
1971
46838
2192
120491
280086
462921
1507977
73666
8566666
plan  171
805884
946791
389976
431442
2127546
104553
45195
15585
24592
46067
120491
210387
910913
24998
431441
384141
2207
plan  172
18074253
3585540
3615501
165846
9831
7017
6693
110494
59994
59994
62059
101771
158148
638689
1301258
130199
1336012
plan  173
4549002
129471
18786
2082
2205
13941
42417
9390
110494
9619
150343
37772
119480
2205
197996
5171332
18338
plan  174
8543898
1706034
568677
39495
177765
4617
2559
8850
24592
28430
36987
118238
492848
27232
402371
451942
9105509
plan  175
5124186
140943
3984
4242
1956
309
309
125928
110494
130958
5786
309
717134
1116856
123028
4945240
12081448
plan  176
19736727
872532
365355
369828
1995102
24642
7161
25686
24592
283924
12328
105632
1507977
22220
369828
416131
869710
plan  177
3515382
572172
89355
89625
522405
14202
1038
84525
110494
84003
39285
1441006
1507977
19348
89625
563939
59994
plan  178
2446242
2909820
969939
51759
2349
2348
2349
67035
81465
110494
149732
99827
59994
836229
1368321
292185
81183
plan  179
42026268
1179570
1221078
391152
14280
21060
21060
3060
46002
110494
48830
120491
59994
275778
584179
124472
4459699
plan  180
6590322
299640
20718
11592
28818
1614
1806
19536
7844
463935
55247
96162
426435
48026
432996
869710
4400325
plan  181
32921835
1844424
5687304
81444
119961
97305
30312
23112
24592
128946
109619
120491
314316
119961
1325770
50087
583500
plan  182
1578342
437364
437436
230232
300288
7668
183906
71010
24592
230006
120491
36370
311686
104201
622576
158148
6442011
plan  183
1432584
476904
4560
34980
1656
384
129
110494
600
11376
16452
255345
571998
1507977
16323
4945240
105632
plan  184
17312379
128961
113256
113256
4698
1737
2187
46761
24592
186680
6773
2187
542139
960616
134170
2483991
4945240
plan  185
631008
8550
103092
6534
24891
2160
2187
66072
24592
217065
6773
2187
1316557
30430
777062
2483991
4945240
plan  186
3291978
1208748
3786654
78996
37788
6036
3645
110494
34698
35868
156429
453829
122739
98239
682292
38002
596515
plan  187
3131856
87120
9792
1284
2052
432
144
8556
24592
26460
96786
353653
903700
77018
869710
4001633
4945240
plan  188
2187882
131472
1086111
51225
216960
4563
1512
1542
110494
800
1542
460012
957546
31825
728107
59994
10712863
plan  189
8917665
2189985
332667
512772
13401
13400
13401
492441
144183
24592
184772
120491
16538
741163
78877
1012240
7600938
plan  190
810564
58896
66186
438
147
57
1
57
7407
110494
6164
17336
558742
460012
1334943
112727
1218306
plan  191
5601492
114834
35256
25506
61470
4704
5580
51030
17598
460368
55247
129664
363276
46227
112961
624412
12081448
plan  192
962976
1530429
13299
19767
2001
2016
2154
15894
62815
6773
135086
567848
2016
1427043
102229
4945240
23794
plan  193
18644928
1178880
208440
69480
78144
6180
339
50394
110494
46067
6773
1507977
199486
115577
460012
37546
679824
plan  194
6105768
294288
742620
26712
8826
2943
3465
110494
31377
41768
151719
120491
344002
441239
1363598
74225
2442007
plan  195
29794974
1012254
1012254
38262
12753
13978
13977
5424
42033
110494
41985
118640
17316
460012
1395218
134170
1441006
plan  196
8994048
231330
295620
25524
30582
12864
13866
80748
27818
521253
67543
154392
688686
257891
492470
96313
4945240
plan  197
505440
8424
324
108
108
420
144
9810
24592
19289
4499
1338071
24525
108
788150
4945240
12081448
plan  198
5559840
8824932
8907012
173820
169944
10734
199773
215589
110494
230006
103819
23944
819706
60037
286090
133381
2483991
plan  199
14317812
270228
16902
55560
2544
960
978
3660
38238
37278
67543
111265
267380
600761
24253
869207
7092676
plan  200
2764800
43263
2733
10383
483
186
183
110494
630
18704
12429
432996
120491
1507977
47239
668376
10474355
plan  201
3717249
20031
10875
273399
8217
591
4158
34848
15742
398196
67543
28078
346846
1504228
11034
4223563
4945240
plan  202
14897310
73962
4980
4980
25794
32514
11187
39684
2788
238606
33910
333411
57622
110494
4980
839635
4945240
plan  203
4149939
105369
10179
54279
4485
3495
5913
55107
24592
122532
8980
5913
220308
1057129
21090
869710
11899285
plan  204
1723704
4088832
1024776
341592
20415
1191
1190
1191
24120
105373
40621
28220
1137193
188405
460012
120491
83616
plan  205
829920
63840
3577560
3606429
53343
18516
4290
23913
24592
149732
3207
120491
446568
1507977
133713
46036
571618
plan  206
4003320
6856176
31344
9705
3390
1299
5211
677253
53279
4945240
110494
90061
389388
460012
909648
1407688
80340
plan  207
583872
226608
209040
18399
64989
2835
10110
92790
30930
167600
55247
60245
369919
54892
402911
446191
909648
plan  208
16409115
21240147
247713
63717
1
63717
25254
24603
79416
110494
128946
20376
112961
230422
284444
1507977
105260
plan  209
8599896
2710128
96168
330882
330882
37896
1146
2679
24592
30518
11390
911741
135799
134170
1336012
199486
120491
plan  210
642816
642816
17856
2976
56460
5934
6552
46848
59490
109749
55247
230006
603984
24534
1285729
11049983
134170
plan  211
2602635
49008
56694
1725
246
81
81
5148
24592
20310
8980
82
460012
701653
1507977
119524
11672552
plan  212
748224
188160
14094
8397
1395
1395
216
47991
135086
46900
29419
103520
134170
8232348
162185
46954
355294
plan  213
14724024
601314
1084206
54609
127209
2994
5886
6303
110494
3034
6302
202925
1199400
62987
725977
59994
6049179
plan  214
1829544
31332
220980
384444
128148
3123
3280
3279
14136
24592
73770
12054
1507977
171906
71847
2483991
4945240
plan  215
37873368
6210486
393798
13596
4533
3627
3801
110494
34650
35812
173754
432996
96678
460012
756651
869710
3321045
plan  216
2018526
331626
24096
24468
7791
36498
82284
135086
76192
189453
13753
343984
116796
1872162
24468
797875
59994
plan  217
3784083
375444
507975
18555
2598
882
864
864
110494
580
863
364519
440998
869710
1364350
96548
1012240
plan  218
25570872
243576
523677
174636
119574
76500
96855
110494
93664
58596
6346
260575
57622
364519
233884
59994
4945240
plan  219
511662
784950
848445
16323
5442
5487
2073
6810
73529
5362
110494
120491
5486
454269
880387
119253
4223563
plan  220
25614
35430
1822146
607383
23079
27194
27195
13305
77508
135086
69248
75725
14480
1507977
161790
567848
97557
plan  221
321024
321024
107007
11088
46785
1617
1395
5679
85941
1099
6773
29232
168583
30824
11280774
460012
321024
plan  222
8127540
1518420
240864
659424
14130
4716
6690
6798
85941
2681
6798
133651
460012
717867
60902
51814
4434022
plan  223
221607
221607
33120
82446
12519
8979
8979
354
157
105373
869710
8979
108158
944647
46741
120491
49145
plan  224
3835140
896628
79968
85716
2556
1
2556
4083
44778
85941
69001
83651
10178
1454880
128388
315697
3342565
plan  225
1801374
221394
73797
62355
62715
521679
15201
25632
85941
37221
17756
1507977
13767
62716
267380
290862
8590259
plan  226
1008282
4048323
1533393
481563
1
481563
2157291
62679
22728
49145
46067
122739
674066
29701
460012
497360
48192
plan  227
18432
22464
1169769
506826
168942
22437
5493
5541
85941
1070
5541
120491
332424
371334
1336012
8566
106584
plan  228
1751496
1751496
2591322
100230
33411
1527
108
5769
110494
20310
6773
28818
869710
228902
1507977
92134
133275
plan  229
9030
5466
2343
1
2343
2325
867
55977
6002
286999
7065
85941
4490
240744
567848
481408
441787
plan  230
18972
18972
612
306
54714
18237
1872
1515
59994
5478
72913
210978
321810
92134
511303
1217830
134170
plan  231
5401092
20687937
198864
82026
61200
6375
2145
2235
110494
1089
2234
88074
326387
364519
326653
1507977
33908
plan  232
11796
26780178
255378
266994
11706
1014
342
7710
49145
29997
10635
236592
274297
1384424
122405
4945240
2483991
plan  233
175170
23130
52668
1434
147
63
5541
1
5541
85941
1070
52125
117289
206287
1236736
49262
12081448
plan  234
19008
19008
351648
26136
1212
1407
1434
1461
85941
738
1460
259755
44236
869710
1389364
1336012
134170
plan  235
9742938
20918916
489564
28014
1716
3384
3384
50406
36576
49145
128946
264162
15962
869710
1024626
4945240
28055
plan  236
9471918
4782534
12948951
322995
65925
22677
12330
40557
1257
4945240
110494
120491
338847
596810
1260465
55246
1441006
plan  237
2814609
30186324
739665
3280485
31377
10017
6978
1
6978
24592
1104
204503
460012
972890
29387
5727638
16143
plan  238
209664
8064
12096
2016
252
489
69
110494
354
8646
14637
1336012
52234
869710
1360768
84922
4945240
plan  239
509760
4320
2160
116271
2520
517047
9357
8514
10743
24592
95430
299463
120491
331901
706
781380
4945240
plan  240
528000
264000
24000
46644
426
576
8238
48897
36560
7920
95993
2195
96182
44944
135086
457857
12081448
plan  241
2007264
10362810
168924
4017
2850
16044
16044
23040
85941
10188
37053
16045
196181
575839
496368
12081448
20762
plan  242
87888
12924
53586
1506
129
63
63
111
47972
2197
135086
63
120491
608814
781876
32153
1441006
plan  243
53856
792
2280
759
171
1017
96
96
8980
704
96
681386
20518
667889
387492
110494
12081448
plan  244
7896000
71985
2394
609
696
5811
21222
122376
49145
290036
64711
43596
120491
696
220308
10016952
50238
plan  245
606840
194820
194820
5178
2778
2778
2778
81717
36282
24592
159851
120491
13958
809294
903758
134170
4850826
plan  246
1744176
23436
40083
435
3288
339
531
627
110494
522
628
34661
452475
233469
896123
69914
10762169
plan  247
8160
4080
4800
2544
849
1509
39
1
39
11326
1821
352170
68457
460012
845168
110494
1441006
plan  248
6200064
8496
24592
27884
78996
41349
2421
252
78
1
78
32684
2141
118129
342921
1507977
1579800
plan  249
9907740
2427231
3355965
53985
5478
5664
6090
94410
110494
94747
61657
364519
5664
869710
1507977
89961
40988
plan  250
964248
258366
284880
8814
2937
1845
876
888
135086
1197
888
180707
109619
365245
1287479
129036
4216345
plan  251
1035864
381168
389298
14250
34548
14034
12810
20955
113944
1859
20956
266581
580791
59994
1507977
131753
5783975
plan  252
948426
24846
33831
1653
360
1
360
435
3327
41209
4499
110494
299463
592074
1464197
96404
4945240
plan  253
5040
5364
13410
396
45
5970
2106
1
2106
110494
1024
84819
112381
869710
744515
36602
5646621
plan  254
80388
2175
2175
69
69
30
30
72
24794
2141
135086
30
102480
677103
1030188
134170
20408
plan  255
101808
101808
24912
2340
5454
324
123
110494
582
10446
18054
243415
579318
41056
666383
5406353
134170
plan  256
4415508
1592982
530994
611280
31791
1596
81435
96489
110494
182260
120491
8910
589199
587356
106695
308828
511303
plan  257
1870656
88392
3186
3186
35469
456
53619
26895
110494
30762
95950
40621
1437381
14874
3186
59994
7740243
plan  258
504936
459288
11421
1419
1
1419
2145
588
44439
24592
96082
4499
107432
81160
868197
4945240
364519
plan  259
394698
60852
5472
30300
3414
1137
4716
36864
59994
86649
55247
26117
203714
1366430
33388
869710
7112656
plan  260
51840
2880
123966
10647
3519
32766
1566
1617
135086
584
1616
1111551
15983
460012
748921
57760
6541296
plan  261
47106
147870
3702
324
183
1
183
63
369
14881
7450
110494
1936808
511303
655049
1507977
48626
plan  262
5148
7644
7644
156
183
12
12
14205
24592
5030
8980
13
869710
148315
1507977
567848
85732
plan  263
806001
2122860
41778
3765
3372
3423
2004
69735
24592
218586
6773
909648
3423
432996
489559
1443892
63174
plan  264
3983760
677736
199905
4617
213
72
72
5148
24592
20310
6773
71
343758
842638
1505637
39582
8686030
plan  265
1110591
16938
7089
4521
1
4521
5352
1752
65724
110494
72483
4499
128634
115549
377253
511303
12075737
plan  266
1786344
357762
401814
10146
10062
1350
1
1350
30225
24592
142098
12540
310104
432996
1507977
123748
1441006
plan  267
9264
18600
3111
31503
11619
6159
7774
7773
95790
110494
61370
10000
85978
825677
567848
1412929
79956
plan  268
353808
1324068
27060
786
1722
252
87
96
96
9080
959
354942
411382
67156
4945240
10794745
110494
plan  269
3747744
12168
11131404
99306
5025
5886
2466
12369
24592
99902
41000
909648
5886
678882
1507977
6936
4945240
plan  270
8531712
370944
46368
2898
969
381
1236
6072
59994
37335
67543
54810
119469
382611
673404
577843
266194
plan  271
17382
27444
93852
13422
3978
2634
879
17433
45548
49356
33502
336100
429643
476663
1507977
71308
909648
plan  272
351780
17268
5049
7323
750
255
243
249
110494
479
249
429044
774633
1507977
100216
1336012
4945240
plan  273
2122332
14062926
645510
416808
30648
10224
21729
35127
35128
55867
92113
105373
284268
590726
158148
925164
9722
plan  274
3880710
134298
184080
10647
729
738
1029
3984
67533
8319
110494
46688
738
861373
1280007
114256
6958906
plan  275
876096
67392
115985337
115985337
1954707
2109336
66450
55953
24592
204655
72913
4521611
2195
877324
134170
17262
869710
plan  276
1430784
262421568
2445450
121983
11397
5448
3018
3156
110494
2767
3156
120491
400158
497352
869710
11083627
21054
plan  277
4959024
1812984
8302533
17326866
160890
7233
4698
6855
46567
2170
6856
327485
752633
1507977
70711
59986
11489507
plan  278
1516368
3432
24592
13536
102441054
1052172
251364
12696
4278
4353
84819
1446
4353
460012
530355
657381
12081448
plan  279
49422
1422
1422
78
27
15
18
2217
110494
1073
4499
17
716958
251086
620044
134170
12081448
plan  280
876096
5454
24592
19148
72387009
887916
37854
1749
1275
1290
1821
2207
1291
323911
762451
403835
12081448
plan  281
30600
1314
1995
575937
25629
20358
25221
40665
24592
46555
2197
25222
293845
766915
133382
93758
16314
plan  282
33660
4428
354
2610
222
75
48
117
42292
594
47993
337051
229158
1507977
31137
4945240
5401712
plan  283
8448
810
1296
3471
3414
252
126
126
75365
2053
126
67246
100745
909648
44682
135086
9030
plan  284
1331028
45928107
110022396
1657236
195567
216663
92892
65979
135086
46067
114807
411323
216663
632938
1179130
61415
42842
plan  285
984960
41040
2925
159
9
18
21
5970
24592
67233
4566
21
120491
639608
369317
59194
3589680
plan  286
31104
38214
23732508
7315569
33502344
290430
63645
83016
24592
135190
2205
119479
1507977
28864
460012
9762
4303559
plan  287
66096
816
1590
78
27
45
33
33
110494
761
34
257891
275516
316261
457484
72073
4945240
plan  288
17136
1533
597
1800
54
54
54
2442
24592
25175
2161
54
836548
1248300
50733
118914
13958
plan  289
44880
4350
8715
288
294
2241
3333
4185
24592
44206
299463
20376
120491
294
1507977
58741
37410
plan  290
87648
103692996
1315932
7561908
78387
35055
8598
8676
135086
1024
8676
120491
407389
1314405
24181
10335336
13650
plan  291
67344
321928071
2009577
2570799
50448
51369
63459
23112
24592
128946
120491
261523
51369
584561
104013
4945240
46070
plan  292
55542
1149
13875
2841
2412
804
6750
6801
24592
1070
6802
178325
443192
672675
1441006
16419
59994
plan  293
2141568
7284
24592
22994
117163320
913485
200496
7653
2421
2427
47926
841
2426
460012
660925
1336012
1404583
plan  294
15840
720
720
144
18
1
18
3
33
20658
1168
110494
285503
500767
267380
134170
18100
plan  295
20499
459
134170
459
13913703
649482
25818
26358
10887
24592
52686
84819
26359
725218
858201
5886
4945240
plan  296
3755808
19035180
27876708
639396
70650
23550
1785
945
59994
1719
113944
199486
219280
698845
1298440
87392
1336012
plan  297
20400
1200
24732
2580
1731
3894
648
702
27845
959
760559
1155378
56949
28184
869710
110494
4223563
plan  298
35874
35874
3705792
39807
3864
1278
1404
48831
110494
105373
2204
679738
457484
584594
1171431
8980
134170
plan  299
36864
36864
12288
1023
1023
49092
12402
142785
110494
264298
2115
120491
13390
753029
1507977
239059
131230
plan  300
8424
648
990
18
1863
96
405
17355
78624
5786
110494
46688
692581
265457
1507977
93344
3682587
plan  301
134640
228888
10404
306
102
6
6
6786
24592
2147
234
842771
782972
460012
813586
7089532
66780
plan  302
25614
30024
13944
311490
5331
618
639
44676
85941
137578
35680
698148
295030
1125857
3392
429643
22838
plan  303
27288
888
1008
72
24
6
162
53835
110494
259034
4499
5362
637730
292521
1307919
115680
12081448
plan  304
506403
7635
40173
1200
399
306
306
19719
24592
129351
4499
842771
109619
352608
1143022
23253
12081448
plan  305
59454
59454
378
126
45
6
3
6
1
1333128
561611
106307
285817
909648
400888
4945240
135086
plan  306
8712
12672
40560981
1605585
26364
8967
1323
561
24592
52058
351983
749766
909648
1507977
1012240
4499
110964
plan  307
28536
1260
2454
180
72
24
24
1011
110494
4293
4499
842771
214060
1336012
904350
73417
4945240
plan  308
19110
19890
306
51
2817
186
285
5670
49145
89742
2207
43722
587326
651641
120491
12081448
123794
plan  309
27384
27384
1905
11505
87
105
60
300
86243
2207
47926
176551
364519
782147
25087
796955
85941
plan  310
5034960
27933219
298920
15066
21159
23478
16275
105378
135086
299463
6068
46567
764147
258977
869710
1490011
21408
plan  311
58596
2628
36303
1563
165
54
288
19404
24592
751604
4499
40621
460012
805538
787399
12628
2502494
plan  312
7200
7200
4572
462
717
231
57060
69699
85941
205015
706060
1028
120491
192711
869710
522530
119895
plan  313
189045
209136
1686213
23757
7893
2718
3228
3516
12649
97758
109619
105373
246542
460012
1507977
17432
24592
plan  314
115776
418716
7578
9840
1023
117
231
35844
85941
112944
29419
737816
104710
59994
104877
4945240
909648
plan  315
1045350
68182593
3640224
7515447
125103
55563
61860
23913
24592
299463
108116
754720
408886
1507977
58949
869710
18296
plan  316
252000
100213779
1609812
106374
35184
22911
22911
68193
85941
299463
20376
842771
103337
460012
824362
1160658
41370
plan  317
22629
35226
36690
642
87
432
465
27573
49145
109635
4499
798232
4566
712135
431769
257891
97422
plan  318
632247
665040
619716
69384
29574
2424
2424
175137
110494
370538
784
627695
433885
511303
869710
567848
128485
plan  319
624060
1518324
1518324
12548022
321948
22788
22788
184902
85941
460012
25677
820836
415577
676844
55822
134170
909648
plan  320
30240
56160
455348343
3212598
165645
47115
52329
78225
24592
446393
5362
614313
120491
624468
1507977
47356
77303
plan  321
3272184
4011276
211620
168540
52197
80529
51048
51048
49145
235281
842771
507947
511303
1336012
36254
1507977
119350
plan  322
98904
45231009
128659404
1430184
70314
254829
272400
184902
85941
460012
120491
758123
2207
488114
1236327
53174
13470
plan  323
7607466
2376426
99840
329163
7611
21840
74994
84381
85941
236115
737816
27866
120491
1507977
55027
42674
4663335
plan  324
31305
1593
9054
402
33
2622
2649
146151
85941
341607
6773
798231
4566
834326
1447481
21850
6721651
plan  325
128328
3012
3291
252
141
141
6591
34938
49145
270618
2190
8980
842771
395397
1279590
117845
12081448
plan  326
5328642
1778346
132488442
155817429
1559895
744009
162960
9003
135086
2145
430821
120491
399761
1127283
117023
43660
7532735
plan  327
8378220
492132
11528667
21231201
1001928
341880
264381
82389
85941
771100
409280
432996
455095
585362
67217
10896
7796934
plan  328
47520
79200
1067040
24592
59010
360
24
21
6
39
2076
2197
93111
909648
239035
1500799
71212
plan  329
69552
366
3186
102
33
9
72
26136
49145
246096
6773
22675
567918
232212
953593
15567
59994
plan  330
337248
66562017
646515
1466595
13626
654
22110
22110
24592
244350
842771
1446
448708
693993
64210
12081448
9124
plan  331
1700580
399584490
2992320
200400
313992
7920
2187
27072
24592
270196
6773
37020
1495355
75495
869710
4945240
105373
plan  332
775401
10035
13890
696
435
609
4320
4434
53519
4499
652150
110494
109619
202630
1507977
102017
12081448
plan  333
55308
67410
22560
5712
150
18
2571
3576
24592
75345
688992
2207
85826
1507977
120491
1376211
104015
plan  334
11070
19068
13116
924
141
5106
5643
123084
110494
255703
8980
638388
2205
838145
1083620
909648
81378
plan  335
8640
4320
4320
432
24
108
24192
10707
24592
122483
59152
102001
39670
841785
1293317
133728
8685413
plan  336
316800
3168
1056
1056
1206
567
6834
1425
475
842771
494388
131558
11099043
98060
130988
70085
59994
plan  337
91908
2214
40041
77877
655893
17679
159411
196692
64188
30332
608941
704
869710
1336012
68501
110494
57914
plan  338
1352400
1411200
9876561
318249
12075
1905
732
1911
49145
44827
90359
423183
1507977
4945240
5500595
959
132658
plan  339
7740
7740
9648
606
30
144
1320
7032
51753
33876
393141
85941
299463
759613
842495
50890
134170
plan  340
299520
1219658730
18778791
223143
26103
8841
22566
17199
49145
140400
98296
58986
200470
866314
4945240
12081448
302
plan  341
6743400
57399501
2413677
4182702
83763
5148
23007
6003
319619
2205
116136
173662
220623
1507977
59273
12081448
31112
plan  342
2312022
296673
32583
37761
3657
1251
279456
291165
114051
44554
732852
1859
120491
408456
123728
12081448
13880
plan  343
6135
196926
10455
15396
390
132
165
69
792
40621
80195
192035
460012
1091255
84782
3511764
110494
plan  344
73728
159786
107433
150045
2685
603
5301
6534
24592
147219
720287
2207
120491
1240452
105391
3653069
9530
plan  345
1654848
114657063
36004551
1418553
45387
11307
173022
173022
135086
294925
842770
2147
120491
422796
861481
909648
44032
plan  346
3840162
281082
8172
1737
5157
777
825
185874
110494
401060
482
764147
512683
51180
852504
4945240
6021650
plan  347
1835442
52629180
4811382
261849
809643
15249
12312
12630
24592
201846
763206
120491
1476069
49745
869710
1108461
25566
plan  348
965808
717669
34260273
93413034
1328562
379899
30438
12096
24592
688992
120491
122739
467117
1255048
42772
59994
873025
plan  349
33198
33198
35634
6480
5850
210
216
51
4222
2205
120491
567848
869710
424540
224585
119334
85941
plan  350
52974
57282
83775
3156
1053
702
1074
2001
45736
49162
69901
92134
232012
460012
1507977
24592
116843
plan  351
5011212
180873591
4024071
5532903
52320
4710
92418
117879
135086
210773
702370
5362
404741
1507977
94034
2757121
21670
plan  352
154224
1066022547
10027596
399663
1505874
17193
174009
180423
85941
447926
764147
2207
1507977
35548
731679
12081448
43076
plan  353
10944
22464
65040
21642
615
66
4908
4908
24592
104093
842771
2204
156007
1416061
120491
299463
65954
plan  354
23706
34218
343050
298350
15162
5055
5055
73011
342426
2192
10652
784788
397768
1507977
4948921
135086
92122
plan  355
5940
540
20743080
107085
146259
7986
3021
2394
44538
25677
281147
373607
392997
103193
4945240
9004
7937979
plan  356
15096
49104
2808
574215
430770
128154
131787
102528
135086
257891
95993
393141
271215
432996
1212
1507977
22289
plan  357
4213440
110880
3168
3168
66
6
3
9243
49145
98786
959
349302
679922
586556
134170
4945240
11308943
plan  358
93744
3177
5148
1740
873
792
363
387
110494
830
372504
120491
468364
567848
460012
56324
4945240
plan  359
104580
23364
54259476
332604
3037911
54033
63393
23112
24592
257891
119478
265571
1507977
12338
4945240
59994
608566
plan  360
6660
6660
1332
444
12
3
3
45
1
1507977
2047
794060
409908
1441006
248098
120491
110494
plan  361
2788788
207150
943446
21893292
299979
61380
104799
146808
110494
309099
688992
118523
227595
1507977
5861
59994
9989657
plan  362
346680
13074906
13074906
3277038
148242
1704
29037
27834
67848
120491
444147
39508
4945240
1111885
742235
134170
4223563
plan  363
88704
2016
110494
2016
1071
87
81
3015
417
44610
6773
1507977
4474
429643
869710
9262
10370263
plan  364
14259
7743
1413
1308
1128
33
255
741
1
1507977
2179
190620
869710
567848
46787
120491
24592
plan  365
10857
20031
71343
888
297
297
138
66
44541
2207
74340
284056
567848
460012
1507977
48555
110494
plan  366
94743
3846
6261
300
105
72
651
85620
135086
319619
4499
22675
381778
460012
1507977
87879
5736855
plan  367
1006704
75407343
25807245
1247442
1481367
70605
59643
24033
24592
798230
117653
158148
692672
111359
869710
909648
20270
plan  368
120948
176224383
2607819
99954
1070970
11727
43173
44172
24592
360810
795386
2145
1208723
14372
714395
8364743
15830
plan  369
35040
49997943
2118078
15765750
395844
73920
76602
79416
110494
257891
119045
764147
199486
765439
18800
787628
19080
plan  370
2112726
2212236
147207972
1688616
115074
2826
48837
33927
110494
430500
460012
32744
4945240
838229
1507977
567848
120191
plan  371
62865
17107431
4276044
13007781
111456
189435
101133
35796
24592
145984
97758
230368
2190
791511
39730
1336012
71671
plan  372
4818456
444240
167373654
50189355
87277701
720882
153657
227682
24592
869710
2197
119428
1507977
71628
460012
18184
11666241
plan  373
114048
114048
3456
4608
1536
129
9
1137
24592
82212
4499
140824
869710
460012
84131
4945240
299463
plan  374
8135286
41796492
254293590
84766377
2088588
25026
102069
105435
110494
768650
201019
45158
4945240
1507977
460012
2483991
30121
plan  375
2689794
76674708
528630
528630
19848
6693
7176
83385
110494
166338
16404
749107
460012
1039214
134170
4945240
567848
plan  376
1034400
205473912
1119414
3531660
102081
70557
70557
26136
24592
364519
120491
842771
335338
629563
38040
4945240
10362
plan  377
7173216
3154812
3154812
38367750
885660
44373
14466
6555
796482
2207
60328
460012
712558
749064
58758
134170
4369344
plan  378
22656
22656
40709868
692886
20727
11655
5490
68778
110494
344165
6180
105632
362086
1507977
12081448
35130
134170
plan  379
77553
33458043
1532259
5574024
105342
34800
34800
26136
24592
364519
109619
842771
460012
1272242
33027
869710
4499
plan  380
5127402
1603218381
24586440
39697227
440616
48744
24639
24639
24592
259434
842771
120491
162185
1000715
77423
8195599
37426
plan  381
5874
5874
1886253
31566
1830
1452
1998
81465
110494
299463
2204
674890
293422
869710
1024104
8980
134170
plan  382
4709616
131930055
1272951
56982
18315
4956
4956
23913
24592
299463
5362
842771
117653
460012
869710
1262720
38662
plan  383
188952
67929
20831169
2024031
231816
683916
29769
110493
110494
842771
39732
1507977
40264
869710
1012240
47560
9918709
plan  384
3903480
86840808
596316
53850
32661
11070
103407
24591
24592
767557
380212
15691
425674
59994
869710
4945240
4223563
plan  385
10152
5076
564
189
3
6
6
6
1
457079
52338
669549
2207
12081448
81504
63323
24592
plan  386
691410
7515
1899
159
54
54
1923
19839
1420
533109
2207
14907
842771
78480
12081448
118914
59994
plan  387
12480
27840
2784
48
12
12
258
93
8558
959
432428
110494
798232
869710
1507977
7202877
61955
plan  388
634716
47991336
948714
17628
3708
4929
942
1815
67115
959
561611
825098
103769
869710
4945240
12081448
24592
plan  389
1437264
37810284
375180
375180
1193463
170925
11634
17304
110494
102716
252800
615094
820161
59994
134170
4945240
2483991
plan  390
14508
468
576
168
51
3252
3252
211776
110494
450382
4499
842771
2053
869710
905961
114239
12081448
plan  391
11448
1368
1368
2196
54
18
27
66
44540
2198
110494
176804
460012
1507977
95242
1336012
97758
plan  392
141360
7440
8928
1488
40464
13938
14472
32448
110494
149041
22802
205937
460012
59994
1507977
80019
5442075
plan  393
94152
28445658
393237
195822
1069821
12888
14226
4056
259034
2207
101404
246205
1074562
20610
648659
12081448
29056
plan  394
160938
7623
11868
663
138
15447
15933
187812
110494
404677
8980
794060
3207
426217
1507977
94361
6057065
plan  395
118548
212744622
43308279
52649577
526614
33162
32004
32004
24592
293515
842771
46688
869710
1507977
113127
1336012
25630
plan  396
8270058
31864434
790914
263637
69624
69630
1488
3321
24592
65389
6773
57376
746798
7069519
433872
1507977
2147
plan  397
17856
20700
6990
7508772
92688
11016
10650
10887
24592
105373
798232
252712
511275
1483945
16844
6773
125572
plan  398
122412
7200
7689
219
186
66
4044
4044
24592
83149
842771
2198
106974
547058
976427
122834
42606
plan  399
3215352
21561
35723607
1003680
10419954
163038
72243
104985
110494
763206
120491
246110
1411403
14634
4223563
18962
4945240
plan  400
114480
2160
8640
192
48
108
1587
58380
110494
128078
4499
6737
466943
869710
4945240
77547
4223563
plan  401
163800
102488922
344967
32289
4668
58161
4818
17286
91872
1067410
11982
556786
2483991
4945240
651
24592
1325
plan  402
635040
30240
2340
129
12
21
6975
7110
24592
162244
758123
4566
120491
406791
1507977
59994
1441006
plan  403
1444218
52769454
272406255
2621517
226662
75966
59499
129246
135086
766822
65826
432996
460012
466913
1507977
23599
40938
plan  404
5760
10320
2064
48
15
3
33
37284
110494
172555
4499
6068
869710
460012
1216139
909648
71960
plan  405
104004
7176
126679017
493149
44274
14529
595605
12294
24592
693729
1507977
4799
451711
573488
4945240
19214
12081448
plan  406
10080
10080
3468
870
18246
6093
5652
3888
5016
120491
220308
270403
302625
45548
869710
1501789
134170
plan  407
27495
513
513
33
12
6
498
92292
110494
737816
1028
4499
506182
460012
1507977
134170
8502617
plan  408
4174848
29749887
89569044
849828
49719
15627
4761
5652
110494
80473
199486
246204
460012
543732
1507977
39567
50158
plan  409
101088
2592
112190
3024
90954
1908
108
5874
7263
24592
166888
713042
22675
520283
1507977
21742
8516052
plan  410
479856
127642731
798113826
7129137
2376951
258198
75522
110493
110494
842771
120491
122739
332111
446491
1485452
22093
8610
plan  411
5688
792
1224
60
30
18
28305
44112
110494
94457
608941
2207
109239
538145
1333149
103417
10477310
plan  412
7419
25437
1677
558
27
9
9
2109
110494
2053
514
842771
464807
10123558
251932
1313988
33433
plan  413
11520
5760
5760
8804700
256521
31251
31251
38826
24592
333381
30422
842771
335844
629143
59994
132114
3776299
plan  414
1399920
451830456
3014130
9124155
167136
55326
51186
19785
24592
297946
119461
299463
460012
1507977
50919
4945240
14160
plan  415
3172368
82410
2373
3726
96
33
6
189
75949
959
110494
201259
460012
402857
84046
4945240
12081448
plan  416
431046
6873
12627
873
291
315
11538
134010
110494
248467
2179
8980
633551
310136
1507977
71589
12081448
plan  417
66192
22065
303
1281
87
408
96
51
959
6180
59994
721520
767665
1507977
38682
10610034
355117
plan  418
282132
96669
1245
6579
78
12
12
20883
24592
236957
21
797035
869710
852706
26805
4945240
81977
plan  419
657012
657012
1984584
126231534
6388182
310905
103791
24033
24592
791812
467301
460012
732980
869710
13924
1336012
134170
plan  420
66192
22065
303
1281
87
408
96
51
959
6180
59994
721520
767665
1507977
38682
10610034
355117
plan  421
282132
96669
1245
6579
78
12
12
20883
24592
236957
21
797035
869710
852706
26805
4945240
81977
plan  422
657012
657012
1984584
126231534
6388182
310905
103791
24033
24592
791812
467301
460012
732980
869710
13924
1336012
134170
plan  423
504738
1495731372
23834274
944073
1810998
45558
21051
5439
297946
2198
118914
397384
627817
64012
869710
9332040
13724
plan  424
1562160
1105657446
12166350
17389962
163305
7677
138009
147468
135086
256474
753832
2011
804189
1507977
87763
10645238
29144
plan  425
43776
193254240
5040321
9977922
94692
30144
6966
24591
24592
842771
2198
119461
460012
1507977
61633
3740339
20866
plan  426
7695
10494
3888
1251
537
24
24
114
1
1223858
40621
842771
836053
299463
460012
106974
135086
plan  427
13893
7188
1242
5934
3999
1203
1161
90
157
140400
590212
364519
398464
570802
20040
120491
135086
plan  428
95196
365082
45807813
2436657
4644717
110046
36381
16224
24592
740054
83800
460012
1256296
65102
869710
10136
1336012
plan  429
696960
24828537
218544
181593
244383
19839
50529
110493
110494
842771
68130
287373
594063
94923
59994
4945240
506842
plan  430
24480
954
1755
1188
759
2820
2820
140307
10724
706441
1374
307721
2147
422829
86538
110494
3482175
plan  431
6840
675480
38463570
1962723
134337
44412
45195
15585
24592
92134
120491
774922
460012
565471
869710
21396
4566
plan  432
15036
480
1422
78
45
3246
3339
215589
110494
460012
4499
794834
2193
698390
1507977
55699
12081448
plan  433
214272
53568
45501855
45501855
712401
511386
91047
102528
135086
257891
64798
162185
328821
842564
134170
59994
527261
plan  434
328320
10944
29002053
8994579
21125622
257217
62973
185505
24592
458543
6180
120491
1340421
50998
460012
34060
12081448
plan  435
699180
77316
11537307
78188772
776076
59520
19680
18729
24592
750267
56157
460012
476323
1507977
17579
45586
1441006
plan  436
98280
278166369
1135080
114522
1336500
25407
10638
10887
24592
105373
765069
408543
1507977
9754
604917
4945240
59994
plan  437
42450
1410
1632
90
51
3339
3339
157437
110494
342679
4499
842771
2207
384428
1299887
111691
12081448
plan  438
260640
49829025
65070654
1796811
233439
94353
94353
105378
135086
299463
61858
842625
422326
686223
1016000
101966
42138
plan  439
723144
71194671
698541
195753
1282494
10731
1884
80997
135086
297946
1721
199575
727449
23947
460012
7653678
32292
plan  440
8640
720
972
519
138
45
62682
24591
24592
842625
49162
234364
460012
573399
46324
96737
2508829
plan  441
25920
12960
2592
864
96
3
3
3
1
654670
2161
273439
869710
1441006
388138
120491
24592
plan  442
832320
794681202
11157540
27010908
356118
17406
5604
21792
24592
344165
1859
460012
602904
1142533
61328
6949036
33608
plan  443
2253588
585042423
8468394
2705223
18230841
415560
93306
110247
629949
2197
716653
120491
736203
21176
460012
9307850
29826
plan  444
98784
3528
4788
63
21
21
12
15948
24592
223441
4499
294133
441787
460012
841039
102798
12081448
plan  445
4944138
611556879
14300505
50018811
585342
64758
113964
113964
85941
307036
842771
68679
384432
1507977
34232
3605327
26830
plan  446
110592
83246403
19939656
63193305
612354
197271
49479
49479
259291
2197
842771
97520
460012
1493916
49096
1336012
17628
plan  447
209727
626734098
6309273
32727897
294126
66276
79305
235674
135086
276323
2207
713042
100498
958388
22443
12081448
18914
plan  448
71808
1488
2364
108
366
633
633
306
45806
2141
35815
756527
52234
909648
1047571
67126
50804
plan  449
1513536
137744820
279672036
2705823
879489
277257
200316
228741
85941
367551
750267
109619
120491
451222
1507977
60221
13560
plan  450
37239
663212730
23281968
36391164
429264
122292
122292
65949
85941
257891
60037
842771
117940
1254252
79925
869710
50056
plan  451
274560
17832
984
2034
54
18
2394
5496
24592
118442
576812
3207
120491
984409
70489
12081448
22280
plan  452
5256
8778
5355
1785
18
408
321
114
4780
2198
86806
410802
4542
9796899
331903
119479
110494
plan  453
1460592
14904
648
648
216
1275
1857
3432
44543
60037
83647
92134
116136
139646
135086
1274708
12992
plan  454
160056
370435899
10722576
425226
1894032
21765
7053
104037
135086
730042
2091
460012
1387336
29420
648042
3285504
34364
plan  455
1463193
4209
4893
1632
48
12
12
24
1
1421933
331516
181297
120491
4223563
289767
85941
4945240
plan  456
34536
1080
95777
1590
383250
10323
5457
10650
10887
24592
105373
798196
196213
464639
1507977
15670
4945240
plan  457
28332
28332
379268361
3058137
145314
77742
79020
45252
49145
364519
60037
765069
372874
766736
1507977
18870
134170
plan  458
61560
265535712
4787247
5392914
60948
19743
22023
22218
614313
1446
787300
68130
460012
1507977
121374
4223563
41494
plan  459
9430548
11609100
28479996
870246
317124
245565
259917
253062
713042
93111
292672
364519
432996
560062
612664
39278
123946
plan  460
852528
64992
3528
3528
13650
7653
957
2145
153892
959
561611
159336
450696
59994
130384
4945240
4223563
plan  461
15120
59928291
16327875
26975232
380490
28266
9144
130011
135086
796482
2176
460012
625870
1233182
75915
1336012
28448
plan  462
474174
521988
42564
47456643
942813
524289
534684
190176
364519
49162
120491
750898
367514
621502
15784
869710
114581
plan  463
9936
4968
1656
552
9
3
3
72
1
868800
2198
749107
371416
4223563
203667
120491
24592
plan  464
44748
44748
1404
2556
72
24
18
135
4737
8980
110494
278470
460012
1107821
70504
4945240
567848
plan  465
641217
22815
28380489
58801797
588195
47511
40509
50502
85941
638388
105690
158148
468620
1499001
58946
3896
12081448
plan  466
1021584
177677484
1436274
12690
4566
1371
111213
123789
135086
218570
737816
1721
119396
449575
913862
12081448
18252
plan  467
1950096
290877684
10971795
18946890
402084
455862
110439
23913
24592
149732
60037
120491
455861
797603
72401
640921
57944
plan  468
4477824
344448
80373654
26791218
26878497
360123
87150
423573
135086
304773
2198
108683
1232721
133855
450000
59994
695047
plan  469
11664
654
654
204
759
96
48
48
24592
247
47
511303
869710
301611
1507977
127941
8726548
plan  470
1588338
199170
56508102
69871455
1418064
77268
25038
25038
117289
2192
25037
452148
698351
958119
111790
59994
9363168
plan  471
713148
95640
7011
2658
12672
852
1
852
4902
24592
51761
6773
879708
26613
544355
20634
12081448
plan  472
109764
159056223
1464360
54999
736416
7860
5340
6978
24592
1104
6979
325242
1507977
11653
867102
12081448
22486
plan  473
13692
72856860
4758069
180648
831327
11067
6912
6966
24592
1099
6965
345851
813790
25705
689342
2483991
4499
plan  474
365436
284456529
8475894
318042
843897
9204
6978
1
6978
24592
1104
310393
1113040
43172
869710
1441006
10552
plan  475
84132
1776
1776
66
546
69
78
30027
24592
11338
4499
78
558546
258320
1283151
134170
12081448
plan  476
3607872
36929967
10272939
21722442
334314
16119
6630
6975
24592
1102
6975
228994
598858
1074946
69250
1336012
13848
plan  477
45540
1980
2310
210
33225
1719
591
627
110494
522
628
460012
645113
46968
869710
113074
4415148
plan  478
60588
1620
2436
132
45
15
18
2277
110494
1104
4499
17
869710
298835
940254
83710
12081448
plan  479
10080
1008
1440
6504
570
594
201
168
21760
861
241023
292555
432996
1507977
12120
110494
12081448
plan  480
184380
92190
45266673
63597264
772287
1007469
61470
29484
24592
140346
120491
2434320
20376
906994
100155
38222
812879
plan  481
21780
1188
3012
168
57
18
18
2277
110494
1104
4499
17
869710
460012
1427008
60662
5860557
plan  482
429657
61513857
484521
27993
179211
4611
2514
9018
24592
29997
29370
113423
1355585
15562
525660
4945240
1336012
plan  483
8280
30164256
952776
6552186
427836
11520
11520
454078
3843
52426
37053
842625
360758
869710
1336012
4945240
13591
plan  484
364239
52401
27634554
979947
2928636
27732
6090
16956
24592
246096
6068
120491
1507977
50451
865408
1236
12081448
plan  485
54720
1296
1851
270
36
7263
7263
71010
24592
460012
8980
842771
3207
529068
1111106
51057
12081448
plan  486
3914892
552204
184068
3526158
12956280
714681
153444
227682
24592
869710
2195
111161
452567
30708
57510
460012
10923285
plan  487
9264
1344
1788
96
27
3339
3339
150225
110494
326954
4499
842771
2176
869710
1507977
108813
2597531
plan  488
2598156
56357676
61366683
883602
119526
40596
40596
48831
110494
105373
120491
842770
460012
625977
1507977
124766
58272
plan  489
8744376
305202
5612283
13905282
300834
144234
52188
105567
110494
771100
109619
460012
458220
1507977
48388
59994
6208749
plan  490
8256
16896
24278415
397602
3506655
131601
46551
110493
110494
842771
63323
455608
1507977
12250
4945240
14824
11045634
plan  491
14040
666
27698118
914070
1675875
30453
10986
4740
52058
54682
408101
442741
1507977
67315
4223563
18002
4945240
plan  492
607881
607881
118671
38745837
799380
82716
60906
24591
24592
842771
120491
267380
629235
1178169
17090
7887350
134170
plan  493
65550
1002
2316
162
54
27
534
72720
110494
375828
1446
8980
607387
460012
1437169
31403
12081448
plan  494
397680
11099364
13412256
181176
41214
1251
1251
72237
110494
146879
44534
842771
199486
59994
1507977
107262
1336012
plan  495
299088
51595077
71451294
806229
113700
45195
45195
15585
24592
92134
120491
842625
421360
586421
1507977
90450
45730
plan  496
320112
26676
684
696
12
729
759
154965
110494
285187
959
709686
39048
1172823
128125
4945240
2434848
plan  497
2156544
2156544
55296
17325513
5775171
481620
109842
9228
135086
2197
338136
120491
675425
396122
38608
1246575
134170
plan  498
117153
58911
14784
1176
39
12
3
3
1
1507977
693729
120491
432996
869710
994974
358405
24592
plan  499
1024083
71502
111576
4011
885
27573
28254
9759
135086
8980
344999
761386
2195
591179
1507977
76862
1441006
plan  500
2693472
51204624
492084
492084
21048
17334
76362
98571
110494
200133
548745
118238
59994
1398970
134170
4945240
567848
plan  501
32112
70591443
3618330
4711689
132300
46761
63459
23112
24592
257891
120491
746798
438865
1029821
106478
869710
59994
plan  502
36720
540
900
60
12
1035
5781
5955
71562
4499
619330
135086
10060
869710
768775
100888
12081448
plan  503
1247376
238464
27991482
1542858
4396719
143244
47346
24591
24592
842771
99106
460012
944091
53511
651180
6808
7877070
plan  504
1335039
51769398
2045355
8702274
206079
64428
64428
122628
135086
364519
22675
842771
100414
897355
32482
869710
33846
plan  505
516180
289275333
17733375
1169847
1593810
67158
25221
106005
110494
798232
20376
460012
1507977
92921
869710
2483991
47442
plan  506
1200096
7567329
1935723
105693
5538
7047
231
96489
110494
364519
2000
4945240
751604
780268
1507977
120491
37360
plan  507
65607
179136
149648010
1837233
184641
64689
92397
81465
110494
299463
122739
375828
445028
636189
1419799
4499
57113
plan  508
33840
199796013
1681071
8259
2169
2718
1731
11256
676
1507977
24592
342547
740054
107557
4945240
12081448
23328
plan  509
48888
21697104
148734
1407591
5806122
183681
60831
24591
24592
842771
114807
460012
1010051
33999
57292
4945240
567848
plan  510
110592
149725866
818643
1240659
17073
5739
5874
5394
12649
118523
182784
257891
460012
1507977
83137
4945240
41764
plan  511
124485
31197525
9343785
5770713
27900924
249912
55293
69699
24592
242141
2198
111418
1255154
24060
234596
909648
82212
plan  512
1128690
73419564
100222341
1245417
163365
55491
45264
104844
110494
762297
81136
432996
460012
613120
1507977
97836
46424
plan  513
76032
38016
34629468
10309749
50226744
425787
152430
227682
24592
869710
2179
66460
1386136
26769
460012
16882
12081448
