plan  1
8 7 6 5 4 3 2 1 0 0 0 0 0 0 0 0 0
plan  2
8 7 6 5 4 3 2 1 0 0 0 0 0 0 0 0 0
plan  3
8 7 6 5 4 3 0 2 1 0 0 0 0 0 0 0 0
plan  4
7 6 5 4 3 2 1 0 0 1 0 0 0 0 0 0 0
plan  5
7 1 0 0 6 5 4 3 2 1 0 0 0 0 0 0 0
plan  6
8 7 6 5 4 3 2 1 0 0 0 0 0 0 0 0 0
plan  7
8 7 6 5 4 3 2 1 0 0 0 0 0 0 0 0 0
plan  8
8 7 6 5 4 3 2 1 0 0 0 0 0 0 0 0 0
plan  9
8 7 6 5 4 3 2 1 0 0 0 0 0 0 0 0 0
plan  10
8 7 6 5 4 3 2 1 0 0 0 0 0 0 0 0 0
plan  11
8 7 6 5 4 3 0 2 1 0 0 0 0 0 0 0 0
plan  12
7 6 5 4 3 2 1 0 0 1 0 0 0 0 0 0 0
plan  13
8 7 6 5 4 3 2 1 0 0 0 0 0 0 0 0 0
plan  14
8 7 6 5 4 3 2 1 0 0 0 0 0 0 0 0 0
plan  15
8 7 6 5 4 0 3 2 1 0 0 0 0 0 0 0 0
plan  16
7 1 0 0 6 5 4 3 2 1 0 0 0 0 0 0 0
plan  17
8 7 0 6 5 4 3 2 1 0 0 0 0 0 0 0 0
plan  18
7 6 5 4 3 2 1 0 0 1 0 0 0 0 0 0 0
plan  19
8 7 6 5 4 3 2 1 0 0 0 0 0 0 0 0 0
plan  20
8 7 6 5 4 3 2 0 1 0 0 0 0 0 0 0 0
plan  21
8 7 6 5 4 3 0 2 1 0 0 0 0 0 0 0 0
plan  22
8 7 6 5 4 3 2 1 0 0 0 0 0 0 0 0 0
plan  23
8 7 6 5 4 3 2 0 1 0 0 0 0 0 0 0 0
plan  24
8 7 6 5 4 3 2 1 0 0 0 0 0 0 0 0 0
plan  25
8 0 7 6 5 4 3 2 1 0 0 0 0 0 0 0 0
plan  26
8 7 6 5 4 3 2 1 0 0 0 0 0 0 0 0 0
plan  27
8 7 6 5 4 0 3 2 1 0 0 0 0 0 0 0 0
plan  28
8 7 6 5 4 3 2 1 0 0 0 0 0 0 0 0 0
plan  29
8 7 6 5 4 3 2 1 0 0 0 0 0 0 0 0 0
plan  30
8 7 6 5 4 3 2 1 0 0 0 0 0 0 0 0 0
plan  31
8 7 6 5 4 3 2 0 1 0 0 0 0 0 0 0 0
plan  32
8 7 6 5 4 3 2 1 0 0 0 0 0 0 0 0 0
plan  33
8 7 6 5 4 3 2 1 0 0 0 0 0 0 0 0 0
plan  34
8 7 6 5 4 3 2 1 0 0 0 0 0 0 0 0 0
plan  35
8 7 6 5 4 0 3 2 1 0 0 0 0 0 0 0 0
plan  36
8 7 6 5 4 3 2 0 1 0 0 0 0 0 0 0 0
plan  37
7 6 5 4 0 3 2 1 0 0 1 0 0 0 0 0 0
plan  38
8 7 6 5 4 3 2 1 0 0 0 0 0 0 0 0 0
plan  39
8 7 0 6 5 4 3 2 1 0 0 0 0 0 0 0 0
plan  40
8 7 0 6 5 4 3 2 1 0 0 0 0 0 0 0 0
plan  41
8 7 6 5 4 3 2 1 0 0 0 0 0 0 0 0 0
plan  42
8 7 6 5 4 3 2 1 0 0 0 0 0 0 0 0 0
plan  43
8 7 6 5 4 3 2 1 0 0 0 0 0 0 0 0 0
plan  44
8 7 6 5 4 3 2 1 0 0 0 0 0 0 0 0 0
plan  45
8 7 6 5 4 3 2 1 0 0 0 0 0 0 0 0 0
plan  46
8 7 6 5 4 0 3 2 1 0 0 0 0 0 0 0 0
plan  47
8 7 6 5 4 3 2 1 0 0 0 0 0 0 0 0 0
plan  48
8 7 6 5 4 3 2 1 0 0 0 0 0 0 0 0 0
plan  49
8 7 6 5 4 3 2 1 0 0 0 0 0 0 0 0 0
plan  50
8 7 6 5 4 3 0 2 1 0 0 0 0 0 0 0 0
plan  51
8 7 6 5 4 3 2 1 0 0 0 0 0 0 0 0 0
plan  52
8 7 6 5 4 3 2 1 0 0 0 0 0 0 0 0 0
plan  53
8 7 6 5 4 3 2 1 0 0 0 0 0 0 0 0 0
plan  54
8 7 6 5 4 3 0 2 1 0 0 0 0 0 0 0 0
plan  55
8 7 6 5 4 3 2 1 0 0 0 0 0 0 0 0 0
plan  56
8 7 6 5 4 3 2 1 0 0 0 0 0 0 0 0 0
plan  57
8 7 6 5 4 3 2 1 0 0 0 0 0 0 0 0 0
plan  58
8 7 6 5 4 3 2 1 0 0 0 0 0 0 0 0 0
plan  59
8 7 6 5 4 3 2 1 0 0 0 0 0 0 0 0 0
plan  60
8 7 6 5 4 3 2 1 0 0 0 0 0 0 0 0 0
plan  61
8 7 0 6 5 4 3 2 1 0 0 0 0 0 0 0 0
plan  62
8 7 6 5 4 3 2 1 0 0 0 0 0 0 0 0 0
plan  63
7 1 0 0 6 5 4 3 0 2 1 0 0 0 0 0 0
plan  64
8 7 6 5 4 3 2 1 0 0 0 0 0 0 0 0 0
plan  65
8 7 6 5 0 4 3 2 1 0 0 0 0 0 0 0 0
plan  66
8 7 6 5 4 3 2 1 0 0 0 0 0 0 0 0 0
plan  67
8 7 6 5 4 3 2 1 0 0 0 0 0 0 0 0 0
plan  68
8 7 6 5 4 3 2 1 0 0 0 0 0 0 0 0 0
plan  69
8 7 6 5 4 3 2 1 0 0 0 0 0 0 0 0 0
plan  70
8 7 6 5 4 3 2 1 0 0 0 0 0 0 0 0 0
plan  71
8 7 6 5 4 3 2 1 0 0 0 0 0 0 0 0 0
plan  72
8 7 6 5 4 3 2 1 0 0 0 0 0 0 0 0 0
plan  73
8 7 6 5 4 3 2 1 0 0 0 0 0 0 0 0 0
plan  74
8 7 6 5 4 3 2 1 0 0 0 0 0 0 0 0 0
plan  75
8 7 6 5 4 3 2 1 0 0 0 0 0 0 0 0 0
plan  76
7 6 5 4 3 2 1 0 0 1 0 0 0 0 0 0 0
plan  77
8 7 6 5 4 3 2 1 0 0 0 0 0 0 0 0 0
plan  78
8 7 6 5 4 3 2 1 0 0 0 0 0 0 0 0 0
plan  79
8 7 6 5 4 3 2 1 0 0 0 0 0 0 0 0 0
plan  80
8 7 6 5 4 3 2 1 0 0 0 0 0 0 0 0 0
plan  81
7 1 0 0 6 5 4 3 2 1 0 0 0 0 0 0 0
plan  82
7 1 0 0 6 5 4 3 2 1 0 0 0 0 0 0 0
plan  83
8 7 6 5 4 3 2 1 0 0 0 0 0 0 0 0 0
plan  84
8 7 6 5 4 3 2 1 0 0 0 0 0 0 0 0 0
plan  85
7 6 5 4 3 2 1 0 0 1 0 0 0 0 0 0 0
plan  86
8 7 6 5 4 3 2 1 0 0 0 0 0 0 0 0 0
plan  87
8 7 6 5 4 3 2 1 0 0 0 0 0 0 0 0 0
plan  88
8 7 6 5 4 3 2 1 0 0 0 0 0 0 0 0 0
plan  89
8 7 6 5 4 3 2 1 0 0 0 0 0 0 0 0 0
plan  90
8 7 6 5 4 3 2 1 0 0 0 0 0 0 0 0 0
plan  91
8 7 6 5 4 3 2 1 0 0 0 0 0 0 0 0 0
plan  92
8 7 6 5 4 3 2 1 0 0 0 0 0 0 0 0 0
plan  93
8 7 6 5 4 3 2 1 0 0 0 0 0 0 0 0 0
plan  94
8 7 6 5 4 3 2 1 0 0 0 0 0 0 0 0 0
plan  95
8 7 6 5 4 3 2 1 0 0 0 0 0 0 0 0 0
plan  96
8 7 6 5 4 3 2 1 0 0 0 0 0 0 0 0 0
plan  97
8 7 6 5 4 3 2 1 0 0 0 0 0 0 0 0 0
plan  98
8 7 6 5 4 3 2 1 0 0 0 0 0 0 0 0 0
plan  99
8 7 6 5 4 3 2 1 0 0 0 0 0 0 0 0 0
plan  100
8 7 6 5 4 3 2 1 0 0 0 0 0 0 0 0 0
plan  101
8 7 6 5 4 3 2 1 0 0 0 0 0 0 0 0 0
plan  102
8 7 6 5 4 3 2 1 0 0 0 0 0 0 0 0 0
plan  103
8 7 6 5 4 3 2 1 0 0 0 0 0 0 0 0 0
plan  104
7 6 1 0 0 5 4 3 2 1 0 0 0 0 0 0 0
plan  105
8 7 6 5 4 3 2 1 0 0 0 0 0 0 0 0 0
plan  106
8 7 6 5 4 3 2 1 0 0 0 0 0 0 0 0 0
plan  107
8 7 6 5 4 3 2 1 0 0 0 0 0 0 0 0 0
plan  108
7 1 0 0 6 5 4 3 2 1 0 0 0 0 0 0 0
plan  109
8 7 6 5 4 3 2 1 0 0 0 0 0 0 0 0 0
plan  110
8 7 6 5 4 3 2 1 0 0 0 0 0 0 0 0 0
plan  111
8 7 6 5 4 3 2 1 0 0 0 0 0 0 0 0 0
plan  112
8 7 6 5 4 3 2 1 0 0 0 0 0 0 0 0 0
plan  113
8 7 6 5 4 3 2 1 0 0 0 0 0 0 0 0 0
plan  114
8 7 6 5 4 3 2 1 0 0 0 0 0 0 0 0 0
plan  115
8 7 6 5 4 3 2 1 0 0 0 0 0 0 0 0 0
plan  116
8 7 6 5 4 3 2 1 0 0 0 0 0 0 0 0 0
plan  117
8 7 6 5 4 3 2 1 0 0 0 0 0 0 0 0 0
plan  118
8 7 6 5 4 3 2 1 0 0 0 0 0 0 0 0 0
plan  119
8 7 6 5 4 3 2 1 0 0 0 0 0 0 0 0 0
plan  120
6 5 4 3 2 1 0 0 0 0 0 0 2 1 0 0 0
plan  121
8 7 6 5 4 3 2 1 0 0 0 0 0 0 0 0 0
plan  122
8 7 6 5 4 3 2 1 0 0 0 0 0 0 0 0 0
plan  123
8 7 6 5 4 3 2 1 0 0 0 0 0 0 0 0 0
plan  124
8 7 6 5 4 3 2 1 0 0 0 0 0 0 0 0 0
plan  125
8 7 6 5 4 3 2 1 0 0 0 0 0 0 0 0 0
plan  126
7 6 5 4 3 2 1 0 0 1 0 0 0 0 0 0 0
plan  127
8 7 6 5 4 3 2 1 0 0 0 0 0 0 0 0 0
plan  128
8 7 6 5 4 3 2 1 0 0 0 0 0 0 0 0 0
plan  129
8 7 6 5 4 3 2 1 0 0 0 0 0 0 0 0 0
plan  130
8 7 6 5 4 3 2 1 0 0 0 0 0 0 0 0 0
plan  131
8 7 6 5 4 3 2 1 0 0 0 0 0 0 0 0 0
plan  132
8 7 6 5 4 3 2 1 0 0 0 0 0 0 0 0 0
plan  133
8 7 6 5 4 3 2 1 0 0 0 0 0 0 0 0 0
plan  134
8 7 6 5 4 3 2 1 0 0 0 0 0 0 0 0 0
plan  135
8 7 6 5 4 3 2 1 0 0 0 0 0 0 0 0 0
plan  136
8 7 6 5 4 3 2 1 0 0 0 0 0 0 0 0 0
plan  137
8 7 6 5 4 3 2 1 0 0 0 0 0 0 0 0 0
plan  138
8 7 6 5 4 3 2 1 0 0 0 0 0 0 0 0 0
plan  139
8 7 6 5 4 3 2 1 0 0 0 0 0 0 0 0 0
plan  140
8 7 6 5 4 3 2 1 0 0 0 0 0 0 0 0 0
plan  141
8 7 6 5 4 3 2 1 0 0 0 0 0 0 0 0 0
plan  142
8 7 6 5 4 3 2 1 0 0 0 0 0 0 0 0 0
plan  143
8 7 6 5 4 3 2 1 0 0 0 0 0 0 0 0 0
plan  144
8 7 6 5 4 3 2 1 0 0 0 0 0 0 0 0 0
plan  145
8 7 6 5 4 3 2 1 0 0 0 0 0 0 0 0 0
plan  146
8 7 6 5 4 3 2 1 0 0 0 0 0 0 0 0 0
plan  147
8 7 6 5 4 3 2 1 0 0 0 0 0 0 0 0 0
plan  148
8 7 6 5 4 3 2 1 0 0 0 0 0 0 0 0 0
plan  149
8 7 6 5 4 3 2 1 0 0 0 0 0 0 0 0 0
plan  150
8 7 6 5 4 3 2 1 0 0 0 0 0 0 0 0 0
plan  151
8 7 6 5 4 3 2 1 0 0 0 0 0 0 0 0 0
plan  152
7 1 0 0 6 5 4 3 2 1 0 0 0 0 0 0 0
plan  153
7 6 5 4 3 2 1 0 0 1 0 0 0 0 0 0 0
plan  154
8 7 6 5 4 3 2 1 0 0 0 0 0 0 0 0 0
plan  155
8 7 6 5 4 3 2 1 0 0 0 0 0 0 0 0 0
plan  156
8 7 6 5 4 3 2 1 0 0 0 0 0 0 0 0 0
plan  157
8 7 6 5 4 3 2 1 0 0 0 0 0 0 0 0 0
plan  158
8 7 6 5 4 3 2 1 0 0 0 0 0 0 0 0 0
plan  159
8 7 6 5 4 3 2 1 0 0 0 0 0 0 0 0 0
plan  160
8 7 6 5 4 3 2 1 0 0 0 0 0 0 0 0 0
plan  161
8 7 6 5 4 3 2 1 0 0 0 0 0 0 0 0 0
plan  162
8 7 6 5 4 3 2 1 0 0 0 0 0 0 0 0 0
plan  163
8 7 6 5 4 3 2 1 0 0 0 0 0 0 0 0 0
plan  164
8 7 6 0 5 4 3 2 1 0 0 0 0 0 0 0 0
plan  165
8 7 6 5 4 3 2 1 0 0 0 0 0 0 0 0 0
plan  166
8 7 6 5 4 3 2 1 0 0 0 0 0 0 0 0 0
plan  167
8 7 6 5 4 3 2 1 0 0 0 0 0 0 0 0 0
plan  168
8 7 6 5 4 3 2 1 0 0 0 0 0 0 0 0 0
plan  169
8 7 6 5 0 4 3 2 1 0 0 0 0 0 0 0 0
plan  170
8 7 6 5 4 3 2 0 1 0 0 0 0 0 0 0 0
plan  171
8 7 6 5 4 3 2 1 0 0 0 0 0 0 0 0 0
plan  172
8 7 6 5 4 3 2 0 1 0 0 0 0 0 0 0 0
plan  173
8 7 6 5 4 3 2 1 0 0 0 0 0 0 0 0 0
plan  174
8 7 6 5 4 3 2 1 0 0 0 0 0 0 0 0 0
plan  175
8 7 6 5 4 3 2 1 0 0 0 0 0 0 0 0 0
plan  176
8 7 6 5 4 3 2 1 0 0 0 0 0 0 0 0 0
plan  177
8 7 6 5 4 3 2 1 0 0 0 0 0 0 0 0 0
plan  178
8 7 6 5 4 0 3 2 1 0 0 0 0 0 0 0 0
plan  179
8 7 6 5 4 0 3 2 1 0 0 0 0 0 0 0 0
plan  180
8 7 6 5 4 3 2 1 0 0 0 0 0 0 0 0 0
plan  181
8 7 6 5 4 3 2 1 0 0 0 0 0 0 0 0 0
plan  182
8 7 6 5 4 3 2 1 0 0 0 0 0 0 0 0 0
plan  183
8 7 6 5 4 3 2 0 1 0 0 0 0 0 0 0 0
plan  184
8 7 6 5 4 3 2 1 0 0 0 0 0 0 0 0 0
plan  185
8 7 6 5 4 3 2 1 0 0 0 0 0 0 0 0 0
plan  186
8 7 6 5 4 3 2 0 1 0 0 0 0 0 0 0 0
plan  187
8 7 6 5 4 3 2 1 0 0 0 0 0 0 0 0 0
plan  188
8 7 6 5 4 3 2 1 0 0 0 0 0 0 0 0 0
plan  189
8 7 6 5 4 0 3 2 1 0 0 0 0 0 0 0 0
plan  190
8 7 6 5 4 3 0 2 1 0 0 0 0 0 0 0 0
plan  191
8 7 6 5 4 3 2 1 0 0 0 0 0 0 0 0 0
plan  192
8 7 6 5 4 3 2 1 0 0 0 0 0 0 0 0 0
plan  193
8 7 6 5 4 3 2 1 0 0 0 0 0 0 0 0 0
plan  194
8 7 6 5 4 3 2 0 1 0 0 0 0 0 0 0 0
plan  195
8 7 6 5 4 0 3 2 1 0 0 0 0 0 0 0 0
plan  196
8 7 6 5 4 3 2 1 0 0 0 0 0 0 0 0 0
plan  197
8 7 6 5 4 3 2 1 0 0 0 0 0 0 0 0 0
plan  198
8 7 6 5 4 3 2 1 0 0 0 0 0 0 0 0 0
plan  199
8 7 6 5 4 3 2 1 0 0 0 0 0 0 0 0 0
plan  200
8 7 6 5 4 3 2 0 1 0 0 0 0 0 0 0 0
plan  201
8 7 6 5 4 3 2 1 0 0 0 0 0 0 0 0 0
plan  202
8 7 6 5 4 3 2 1 0 0 0 0 0 0 0 0 0
plan  203
8 7 6 5 4 3 2 1 0 0 0 0 0 0 0 0 0
plan  204
8 7 6 5 4 3 0 2 1 0 0 0 0 0 0 0 0
plan  205
8 7 6 5 4 3 2 1 0 0 0 0 0 0 0 0 0
plan  206
8 7 6 5 4 3 2 1 0 0 0 0 0 0 0 0 0
plan  207
8 7 6 5 4 3 2 1 0 0 0 0 0 0 0 0 0
plan  208
8 7 6 5 0 4 3 2 1 0 0 0 0 0 0 0 0
plan  209
8 7 6 5 4 3 2 1 0 0 0 0 0 0 0 0 0
plan  210
8 7 6 5 4 3 2 1 0 0 0 0 0 0 0 0 0
plan  211
8 7 6 5 4 3 2 1 0 0 0 0 0 0 0 0 0
plan  212
8 7 6 5 4 3 2 1 0 0 0 0 0 0 0 0 0
plan  213
8 7 6 5 4 3 2 1 0 0 0 0 0 0 0 0 0
plan  214
8 7 6 5 4 3 0 2 1 0 0 0 0 0 0 0 0
plan  215
8 7 6 5 4 3 2 0 1 0 0 0 0 0 0 0 0
plan  216
7 6 5 4 3 2 1 0 0 1 0 0 0 0 0 0 0
plan  217
8 7 6 5 4 3 2 1 0 0 0 0 0 0 0 0 0
plan  218
7 6 5 4 3 2 1 0 0 1 0 0 0 0 0 0 0
plan  219
8 7 6 5 4 3 2 1 0 0 0 0 0 0 0 0 0
plan  220
8 7 6 5 4 0 3 2 1 0 0 0 0 0 0 0 0
plan  221
8 7 6 5 4 3 2 1 0 0 0 0 0 0 0 0 0
plan  222
8 7 6 5 4 3 2 1 0 0 0 0 0 0 0 0 0
plan  223
8 7 6 5 4 3 2 1 0 0 0 0 0 0 0 0 0
plan  224
8 7 6 5 4 0 3 2 1 0 0 0 0 0 0 0 0
plan  225
8 7 6 5 4 3 2 1 0 0 0 0 0 0 0 0 0
plan  226
8 7 6 5 0 4 3 2 1 0 0 0 0 0 0 0 0
plan  227
8 7 6 5 4 3 2 1 0 0 0 0 0 0 0 0 0
plan  228
8 7 6 5 4 3 2 1 0 0 0 0 0 0 0 0 0
plan  229
7 6 5 0 4 3 2 1 0 0 1 0 0 0 0 0 0
plan  230
8 7 6 5 4 3 2 1 0 0 0 0 0 0 0 0 0
plan  231
8 7 6 5 4 3 2 1 0 0 0 0 0 0 0 0 0
plan  232
8 7 6 5 4 3 2 1 0 0 0 0 0 0 0 0 0
plan  233
8 7 6 5 4 3 2 0 1 0 0 0 0 0 0 0 0
plan  234
8 7 6 5 4 3 2 1 0 0 0 0 0 0 0 0 0
plan  235
8 7 6 5 4 0 3 2 1 0 0 0 0 0 0 0 0
plan  236
8 7 6 5 4 3 2 1 0 0 0 0 0 0 0 0 0
plan  237
8 7 6 5 4 3 2 0 1 0 0 0 0 0 0 0 0
plan  238
8 7 6 5 4 3 2 0 1 0 0 0 0 0 0 0 0
plan  239
8 7 6 0 5 4 3 2 1 0 0 0 0 0 0 0 0
plan  240
8 7 6 5 4 3 2 1 0 0 0 0 0 0 0 0 0
plan  241
8 7 6 5 4 3 2 1 0 0 0 0 0 0 0 0 0
plan  242
8 7 6 5 4 3 2 1 0 0 0 0 0 0 0 0 0
plan  243
8 7 6 5 4 3 2 1 0 0 0 0 0 0 0 0 0
plan  244
8 7 6 5 4 3 2 1 0 0 0 0 0 0 0 0 0
plan  245
8 7 6 5 4 0 3 2 1 0 0 0 0 0 0 0 0
plan  246
8 7 6 5 4 3 2 1 0 0 0 0 0 0 0 0 0
plan  247
8 7 6 5 4 3 2 0 1 0 0 0 0 0 0 0 0
plan  248
7 1 0 0 6 5 4 3 2 0 1 0 0 0 0 0 0
plan  249
8 7 6 5 4 3 2 1 0 0 0 0 0 0 0 0 0
plan  250
8 7 6 5 4 3 2 1 0 0 0 0 0 0 0 0 0
plan  251
8 7 6 5 4 3 2 1 0 0 0 0 0 0 0 0 0
plan  252
8 7 6 5 4 0 3 2 1 0 0 0 0 0 0 0 0
plan  253
8 7 6 5 4 3 2 0 1 0 0 0 0 0 0 0 0
plan  254
8 7 6 5 4 3 2 1 0 0 0 0 0 0 0 0 0
plan  255
8 7 6 5 4 3 2 0 1 0 0 0 0 0 0 0 0
plan  256
8 7 6 5 4 3 2 1 0 0 0 0 0 0 0 0 0
plan  257
8 7 6 5 4 3 2 1 0 0 0 0 0 0 0 0 0
plan  258
8 7 6 5 0 4 3 2 1 0 0 0 0 0 0 0 0
plan  259
8 7 6 5 4 3 2 1 0 0 0 0 0 0 0 0 0
plan  260
8 7 6 5 4 3 2 1 0 0 0 0 0 0 0 0 0
plan  261
8 7 6 5 4 0 3 2 1 0 0 0 0 0 0 0 0
plan  262
8 7 6 5 4 3 2 1 0 0 0 0 0 0 0 0 0
plan  263
8 7 6 5 4 3 2 1 0 0 0 0 0 0 0 0 0
plan  264
8 7 6 5 4 3 2 1 0 0 0 0 0 0 0 0 0
plan  265
8 7 6 5 0 4 3 2 1 0 0 0 0 0 0 0 0
plan  266
8 7 6 5 4 3 0 2 1 0 0 0 0 0 0 0 0
plan  267
8 7 6 5 4 3 0 2 1 0 0 0 0 0 0 0 0
plan  268
8 7 6 5 4 3 2 0 1 0 0 0 0 0 0 0 0
plan  269
8 7 6 5 4 3 2 1 0 0 0 0 0 0 0 0 0
plan  270
8 7 6 5 4 3 2 1 0 0 0 0 0 0 0 0 0
plan  271
8 7 6 5 4 3 2 1 0 0 0 0 0 0 0 0 0
plan  272
8 7 6 5 4 3 2 1 0 0 0 0 0 0 0 0 0
plan  273
8 7 6 5 4 3 2 1 0 0 0 0 0 0 0 0 0
plan  274
8 7 6 5 4 3 2 1 0 0 0 0 0 0 0 0 0
plan  275
8 7 6 5 4 3 2 1 0 0 0 0 0 0 0 0 0
plan  276
8 7 6 5 4 3 2 1 0 0 0 0 0 0 0 0 0
plan  277
8 7 6 5 4 3 2 1 0 0 0 0 0 0 0 0 0
plan  278
7 1 0 0 6 5 4 3 2 1 0 0 0 0 0 0 0
plan  279
8 7 6 5 4 3 2 1 0 0 0 0 0 0 0 0 0
plan  280
7 1 0 0 6 5 4 3 2 1 0 0 0 0 0 0 0
plan  281
8 7 6 5 4 3 2 1 0 0 0 0 0 0 0 0 0
plan  282
8 7 6 5 4 3 2 1 0 0 0 0 0 0 0 0 0
plan  283
8 7 6 5 4 3 2 1 0 0 0 0 0 0 0 0 0
plan  284
8 7 6 5 4 3 2 1 0 0 0 0 0 0 0 0 0
plan  285
8 7 6 5 4 3 2 1 0 0 0 0 0 0 0 0 0
plan  286
8 7 6 5 4 3 2 1 0 0 0 0 0 0 0 0 0
plan  287
8 7 6 5 4 3 2 1 0 0 0 0 0 0 0 0 0
plan  288
8 7 6 5 4 3 2 1 0 0 0 0 0 0 0 0 0
plan  289
8 7 6 5 4 3 2 1 0 0 0 0 0 0 0 0 0
plan  290
8 7 6 5 4 3 2 1 0 0 0 0 0 0 0 0 0
plan  291
8 7 6 5 4 3 2 1 0 0 0 0 0 0 0 0 0
plan  292
8 7 6 5 4 3 2 1 0 0 0 0 0 0 0 0 0
plan  293
7 1 0 0 6 5 4 3 2 1 0 0 0 0 0 0 0
plan  294
8 7 6 5 4 0 3 2 1 0 0 0 0 0 0 0 0
plan  295
8 7 0 6 5 4 3 2 1 0 0 0 0 0 0 0 0
plan  296
8 7 6 5 4 3 2 1 0 0 0 0 0 0 0 0 0
plan  297
8 7 6 5 4 3 2 1 0 0 0 0 0 0 0 0 0
plan  298
8 7 6 5 4 3 2 1 0 0 0 0 0 0 0 0 0
plan  299
8 7 6 5 4 3 2 1 0 0 0 0 0 0 0 0 0
plan  300
8 7 6 5 4 3 2 1 0 0 0 0 0 0 0 0 0
plan  301
8 7 6 5 4 3 2 1 0 0 0 0 0 0 0 0 0
plan  302
8 7 6 5 4 3 2 1 0 0 0 0 0 0 0 0 0
plan  303
8 7 6 5 4 3 2 1 0 0 0 0 0 0 0 0 0
plan  304
8 7 6 5 4 3 2 1 0 0 0 0 0 0 0 0 0
plan  305
8 7 6 5 4 3 2 1 0 0 0 0 0 0 0 0 0
plan  306
8 7 6 5 4 3 2 1 0 0 0 0 0 0 0 0 0
plan  307
8 7 6 5 4 3 2 1 0 0 0 0 0 0 0 0 0
plan  308
8 7 6 5 4 3 2 1 0 0 0 0 0 0 0 0 0
plan  309
8 7 6 5 4 3 2 1 0 0 0 0 0 0 0 0 0
plan  310
8 7 6 5 4 3 2 1 0 0 0 0 0 0 0 0 0
plan  311
8 7 6 5 4 3 2 1 0 0 0 0 0 0 0 0 0
plan  312
8 7 6 5 4 3 2 1 0 0 0 0 0 0 0 0 0
plan  313
8 7 6 5 4 3 2 1 0 0 0 0 0 0 0 0 0
plan  314
8 7 6 5 4 3 2 1 0 0 0 0 0 0 0 0 0
plan  315
8 7 6 5 4 3 2 1 0 0 0 0 0 0 0 0 0
plan  316
8 7 6 5 4 3 2 1 0 0 0 0 0 0 0 0 0
plan  317
8 7 6 5 4 3 2 1 0 0 0 0 0 0 0 0 0
plan  318
8 7 6 5 4 3 2 1 0 0 0 0 0 0 0 0 0
plan  319
8 7 6 5 4 3 2 1 0 0 0 0 0 0 0 0 0
plan  320
8 7 6 5 4 3 2 1 0 0 0 0 0 0 0 0 0
plan  321
8 7 6 5 4 3 2 1 0 0 0 0 0 0 0 0 0
plan  322
8 7 6 5 4 3 2 1 0 0 0 0 0 0 0 0 0
plan  323
8 7 6 5 4 3 2 1 0 0 0 0 0 0 0 0 0
plan  324
8 7 6 5 4 3 2 1 0 0 0 0 0 0 0 0 0
plan  325
8 7 6 5 4 3 2 1 0 0 0 0 0 0 0 0 0
plan  326
8 7 6 5 4 3 2 1 0 0 0 0 0 0 0 0 0
plan  327
8 7 6 5 4 3 2 1 0 0 0 0 0 0 0 0 0
plan  328
7 6 1 0 0 5 4 3 2 1 0 0 0 0 0 0 0
plan  329
8 7 6 5 4 3 2 1 0 0 0 0 0 0 0 0 0
plan  330
8 7 6 5 4 3 2 1 0 0 0 0 0 0 0 0 0
plan  331
8 7 6 5 4 3 2 1 0 0 0 0 0 0 0 0 0
plan  332
8 7 6 5 4 3 2 1 0 0 0 0 0 0 0 0 0
plan  333
8 7 6 5 4 3 2 1 0 0 0 0 0 0 0 0 0
plan  334
8 7 6 5 4 3 2 1 0 0 0 0 0 0 0 0 0
plan  335
8 7 6 5 4 3 2 1 0 0 0 0 0 0 0 0 0
plan  336
8 7 6 5 4 3 2 1 0 0 0 0 0 0 0 0 0
plan  337
8 7 6 5 4 3 2 1 0 0 0 0 0 0 0 0 0
plan  338
8 7 6 5 4 3 2 1 0 0 0 0 0 0 0 0 0
plan  339
8 7 6 5 4 3 2 1 0 0 0 0 0 0 0 0 0
plan  340
8 7 6 5 4 3 2 1 0 0 0 0 0 0 0 0 0
plan  341
8 7 6 5 4 3 2 1 0 0 0 0 0 0 0 0 0
plan  342
8 7 6 5 4 3 2 1 0 0 0 0 0 0 0 0 0
plan  343
8 7 6 5 4 3 2 1 0 0 0 0 0 0 0 0 0
plan  344
8 7 6 5 4 3 2 1 0 0 0 0 0 0 0 0 0
plan  345
8 7 6 5 4 3 2 1 0 0 0 0 0 0 0 0 0
plan  346
8 7 6 5 4 3 2 1 0 0 0 0 0 0 0 0 0
plan  347
8 7 6 5 4 3 2 1 0 0 0 0 0 0 0 0 0
plan  348
8 7 6 5 4 3 2 1 0 0 0 0 0 0 0 0 0
plan  349
8 7 6 5 4 3 2 1 0 0 0 0 0 0 0 0 0
plan  350
8 7 6 5 4 3 2 1 0 0 0 0 0 0 0 0 0
plan  351
8 7 6 5 4 3 2 1 0 0 0 0 0 0 0 0 0
plan  352
8 7 6 5 4 3 2 1 0 0 0 0 0 0 0 0 0
plan  353
8 7 6 5 4 3 2 1 0 0 0 0 0 0 0 0 0
plan  354
8 7 6 5 4 3 2 1 0 0 0 0 0 0 0 0 0
plan  355
8 7 6 5 4 3 2 1 0 0 0 0 0 0 0 0 0
plan  356
8 7 6 5 4 3 2 1 0 0 0 0 0 0 0 0 0
plan  357
8 7 6 5 4 3 2 1 0 0 0 0 0 0 0 0 0
plan  358
8 7 6 5 4 3 2 1 0 0 0 0 0 0 0 0 0
plan  359
8 7 6 5 4 3 2 1 0 0 0 0 0 0 0 0 0
plan  360
8 7 6 5 4 3 2 1 0 0 0 0 0 0 0 0 0
plan  361
8 7 6 5 4 3 2 1 0 0 0 0 0 0 0 0 0
plan  362
8 7 6 5 4 3 2 1 0 0 0 0 0 0 0 0 0
plan  363
8 7 0 6 5 4 3 2 1 0 0 0 0 0 0 0 0
plan  364
8 7 6 5 4 3 2 1 0 0 0 0 0 0 0 0 0
plan  365
8 7 6 5 4 3 2 1 0 0 0 0 0 0 0 0 0
plan  366
8 7 6 5 4 3 2 1 0 0 0 0 0 0 0 0 0
plan  367
8 7 6 5 4 3 2 1 0 0 0 0 0 0 0 0 0
plan  368
8 7 6 5 4 3 2 1 0 0 0 0 0 0 0 0 0
plan  369
8 7 6 5 4 3 2 1 0 0 0 0 0 0 0 0 0
plan  370
8 7 6 5 4 3 2 1 0 0 0 0 0 0 0 0 0
plan  371
8 7 6 5 4 3 2 1 0 0 0 0 0 0 0 0 0
plan  372
8 7 6 5 4 3 2 1 0 0 0 0 0 0 0 0 0
plan  373
8 7 6 5 4 3 2 1 0 0 0 0 0 0 0 0 0
plan  374
8 7 6 5 4 3 2 1 0 0 0 0 0 0 0 0 0
plan  375
8 7 6 5 4 3 2 1 0 0 0 0 0 0 0 0 0
plan  376
8 7 6 5 4 3 2 1 0 0 0 0 0 0 0 0 0
plan  377
8 7 6 5 4 3 2 1 0 0 0 0 0 0 0 0 0
plan  378
8 7 6 5 4 3 2 1 0 0 0 0 0 0 0 0 0
plan  379
8 7 6 5 4 3 2 1 0 0 0 0 0 0 0 0 0
plan  380
8 7 6 5 4 3 2 1 0 0 0 0 0 0 0 0 0
plan  381
8 7 6 5 4 3 2 1 0 0 0 0 0 0 0 0 0
plan  382
8 7 6 5 4 3 2 1 0 0 0 0 0 0 0 0 0
plan  383
8 7 6 5 4 3 2 1 0 0 0 0 0 0 0 0 0
plan  384
8 7 6 5 4 3 2 1 0 0 0 0 0 0 0 0 0
plan  385
8 7 6 5 4 3 2 1 0 0 0 0 0 0 0 0 0
plan  386
8 7 6 5 4 3 2 1 0 0 0 0 0 0 0 0 0
plan  387
8 7 6 5 4 3 2 1 0 0 0 0 0 0 0 0 0
plan  388
8 7 6 5 4 3 2 1 0 0 0 0 0 0 0 0 0
plan  389
8 7 6 5 4 3 2 1 0 0 0 0 0 0 0 0 0
plan  390
8 7 6 5 4 3 2 1 0 0 0 0 0 0 0 0 0
plan  391
8 7 6 5 4 3 2 1 0 0 0 0 0 0 0 0 0
plan  392
8 7 6 5 4 3 2 1 0 0 0 0 0 0 0 0 0
plan  393
8 7 6 5 4 3 2 1 0 0 0 0 0 0 0 0 0
plan  394
8 7 6 5 4 3 2 1 0 0 0 0 0 0 0 0 0
plan  395
8 7 6 5 4 3 2 1 0 0 0 0 0 0 0 0 0
plan  396
8 7 6 5 4 3 2 1 0 0 0 0 0 0 0 0 0
plan  397
8 7 6 5 4 3 2 1 0 0 0 0 0 0 0 0 0
plan  398
8 7 6 5 4 3 2 1 0 0 0 0 0 0 0 0 0
plan  399
8 7 6 5 4 3 2 1 0 0 0 0 0 0 0 0 0
plan  400
8 7 6 5 4 3 2 1 0 0 0 0 0 0 0 0 0
plan  401
7 6 5 4 3 2 1 0 0 0 0 0 0 0 1 0 0
plan  402
8 7 6 5 4 3 2 1 0 0 0 0 0 0 0 0 0
plan  403
8 7 6 5 4 3 2 1 0 0 0 0 0 0 0 0 0
plan  404
8 7 6 5 4 3 2 1 0 0 0 0 0 0 0 0 0
plan  405
8 7 6 5 4 3 2 1 0 0 0 0 0 0 0 0 0
plan  406
8 7 6 5 4 3 2 1 0 0 0 0 0 0 0 0 0
plan  407
8 7 6 5 4 3 2 1 0 0 0 0 0 0 0 0 0
plan  408
8 7 6 5 4 3 2 1 0 0 0 0 0 0 0 0 0
plan  409
8 7 0 6 5 4 3 2 1 0 0 0 0 0 0 0 0
plan  410
8 7 6 5 4 3 2 1 0 0 0 0 0 0 0 0 0
plan  411
8 7 6 5 4 3 2 1 0 0 0 0 0 0 0 0 0
plan  412
8 7 6 5 4 3 2 1 0 0 0 0 0 0 0 0 0
plan  413
8 7 6 5 4 3 2 1 0 0 0 0 0 0 0 0 0
plan  414
8 7 6 5 4 3 2 1 0 0 0 0 0 0 0 0 0
plan  415
8 7 6 5 4 3 2 1 0 0 0 0 0 0 0 0 0
plan  416
8 7 6 5 4 3 2 1 0 0 0 0 0 0 0 0 0
plan  417
8 7 6 5 4 3 2 1 0 0 0 0 0 0 0 0 0
plan  418
8 7 6 5 4 3 2 1 0 0 0 0 0 0 0 0 0
plan  419
8 7 6 5 4 3 2 1 0 0 0 0 0 0 0 0 0
plan  420
8 7 6 5 4 3 2 1 0 0 0 0 0 0 0 0 0
plan  421
8 7 6 5 4 3 2 1 0 0 0 0 0 0 0 0 0
plan  422
8 7 6 5 4 3 2 1 0 0 0 0 0 0 0 0 0
plan  423
8 7 6 5 4 3 2 1 0 0 0 0 0 0 0 0 0
plan  424
8 7 6 5 4 3 2 1 0 0 0 0 0 0 0 0 0
plan  425
8 7 6 5 4 3 2 1 0 0 0 0 0 0 0 0 0
plan  426
8 7 6 5 4 3 2 1 0 0 0 0 0 0 0 0 0
plan  427
8 7 6 5 4 3 2 1 0 0 0 0 0 0 0 0 0
plan  428
8 7 6 5 4 3 2 1 0 0 0 0 0 0 0 0 0
plan  429
8 7 6 5 4 3 2 1 0 0 0 0 0 0 0 0 0
plan  430
8 7 6 5 4 3 2 1 0 0 0 0 0 0 0 0 0
plan  431
8 7 6 5 4 3 2 1 0 0 0 0 0 0 0 0 0
plan  432
8 7 6 5 4 3 2 1 0 0 0 0 0 0 0 0 0
plan  433
8 7 6 5 4 3 2 1 0 0 0 0 0 0 0 0 0
plan  434
8 7 6 5 4 3 2 1 0 0 0 0 0 0 0 0 0
plan  435
8 7 6 5 4 3 2 1 0 0 0 0 0 0 0 0 0
plan  436
8 7 6 5 4 3 2 1 0 0 0 0 0 0 0 0 0
plan  437
8 7 6 5 4 3 2 1 0 0 0 0 0 0 0 0 0
plan  438
8 7 6 5 4 3 2 1 0 0 0 0 0 0 0 0 0
plan  439
8 7 6 5 4 3 2 1 0 0 0 0 0 0 0 0 0
plan  440
8 7 6 5 4 3 2 1 0 0 0 0 0 0 0 0 0
plan  441
8 7 6 5 4 3 2 1 0 0 0 0 0 0 0 0 0
plan  442
8 7 6 5 4 3 2 1 0 0 0 0 0 0 0 0 0
plan  443
8 7 6 5 4 3 2 1 0 0 0 0 0 0 0 0 0
plan  444
8 7 6 5 4 3 2 1 0 0 0 0 0 0 0 0 0
plan  445
8 7 6 5 4 3 2 1 0 0 0 0 0 0 0 0 0
plan  446
8 7 6 5 4 3 2 1 0 0 0 0 0 0 0 0 0
plan  447
8 7 6 5 4 3 2 1 0 0 0 0 0 0 0 0 0
plan  448
8 7 6 5 4 3 2 1 0 0 0 0 0 0 0 0 0
plan  449
8 7 6 5 4 3 2 1 0 0 0 0 0 0 0 0 0
plan  450
8 7 6 5 4 3 2 1 0 0 0 0 0 0 0 0 0
plan  451
8 7 6 5 4 3 2 1 0 0 0 0 0 0 0 0 0
plan  452
8 7 6 5 4 3 2 1 0 0 0 0 0 0 0 0 0
plan  453
8 7 6 5 4 3 2 1 0 0 0 0 0 0 0 0 0
plan  454
8 7 6 5 4 3 2 1 0 0 0 0 0 0 0 0 0
plan  455
8 7 6 5 4 3 2 1 0 0 0 0 0 0 0 0 0
plan  456
8 7 0 6 5 4 3 2 1 0 0 0 0 0 0 0 0
plan  457
8 7 6 5 4 3 2 1 0 0 0 0 0 0 0 0 0
plan  458
8 7 6 5 4 3 2 1 0 0 0 0 0 0 0 0 0
plan  459
8 7 6 5 4 3 2 1 0 0 0 0 0 0 0 0 0
plan  460
8 7 6 5 4 3 2 1 0 0 0 0 0 0 0 0 0
plan  461
8 7 6 5 4 3 2 1 0 0 0 0 0 0 0 0 0
plan  462
8 7 6 5 4 3 2 1 0 0 0 0 0 0 0 0 0
plan  463
8 7 6 5 4 3 2 1 0 0 0 0 0 0 0 0 0
plan  464
8 7 6 5 4 3 2 1 0 0 0 0 0 0 0 0 0
plan  465
8 7 6 5 4 3 2 1 0 0 0 0 0 0 0 0 0
plan  466
8 7 6 5 4 3 2 1 0 0 0 0 0 0 0 0 0
plan  467
8 7 6 5 4 3 2 1 0 0 0 0 0 0 0 0 0
plan  468
8 7 6 5 4 3 2 1 0 0 0 0 0 0 0 0 0
plan  469
8 7 6 5 4 3 2 1 0 0 0 0 0 0 0 0 0
plan  470
8 7 6 5 4 3 2 1 0 0 0 0 0 0 0 0 0
plan  471
8 7 6 5 4 3 0 2 1 0 0 0 0 0 0 0 0
plan  472
8 7 6 5 4 3 2 1 0 0 0 0 0 0 0 0 0
plan  473
8 7 6 5 4 3 2 1 0 0 0 0 0 0 0 0 0
plan  474
8 7 6 5 4 3 2 0 1 0 0 0 0 0 0 0 0
plan  475
8 7 6 5 4 3 2 1 0 0 0 0 0 0 0 0 0
plan  476
8 7 6 5 4 3 2 1 0 0 0 0 0 0 0 0 0
plan  477
8 7 6 5 4 3 2 1 0 0 0 0 0 0 0 0 0
plan  478
8 7 6 5 4 3 2 1 0 0 0 0 0 0 0 0 0
plan  479
8 7 6 5 4 3 2 1 0 0 0 0 0 0 0 0 0
plan  480
8 7 6 5 4 3 2 1 0 0 0 0 0 0 0 0 0
plan  481
8 7 6 5 4 3 2 1 0 0 0 0 0 0 0 0 0
plan  482
8 7 6 5 4 3 2 1 0 0 0 0 0 0 0 0 0
plan  483
8 7 6 5 4 3 2 0 1 0 0 0 0 0 0 0 0
plan  484
8 7 6 5 4 3 2 1 0 0 0 0 0 0 0 0 0
plan  485
8 7 6 5 4 3 2 1 0 0 0 0 0 0 0 0 0
plan  486
8 7 6 5 4 3 2 1 0 0 0 0 0 0 0 0 0
plan  487
8 7 6 5 4 3 2 1 0 0 0 0 0 0 0 0 0
plan  488
8 7 6 5 4 3 2 1 0 0 0 0 0 0 0 0 0
plan  489
8 7 6 5 4 3 2 1 0 0 0 0 0 0 0 0 0
plan  490
8 7 6 5 4 3 2 1 0 0 0 0 0 0 0 0 0
plan  491
8 7 6 5 4 3 2 1 0 0 0 0 0 0 0 0 0
plan  492
8 7 6 5 4 3 2 1 0 0 0 0 0 0 0 0 0
plan  493
8 7 6 5 4 3 2 1 0 0 0 0 0 0 0 0 0
plan  494
8 7 6 5 4 3 2 1 0 0 0 0 0 0 0 0 0
plan  495
8 7 6 5 4 3 2 1 0 0 0 0 0 0 0 0 0
plan  496
8 7 6 5 4 3 2 1 0 0 0 0 0 0 0 0 0
plan  497
8 7 6 5 4 3 2 1 0 0 0 0 0 0 0 0 0
plan  498
8 7 6 5 4 3 2 1 0 0 0 0 0 0 0 0 0
plan  499
8 7 6 5 4 3 2 1 0 0 0 0 0 0 0 0 0
plan  500
8 7 6 5 4 3 2 1 0 0 0 0 0 0 0 0 0
plan  501
8 7 6 5 4 3 2 1 0 0 0 0 0 0 0 0 0
plan  502
8 7 6 5 4 3 2 1 0 0 0 0 0 0 0 0 0
plan  503
8 7 6 5 4 3 2 1 0 0 0 0 0 0 0 0 0
plan  504
8 7 6 5 4 3 2 1 0 0 0 0 0 0 0 0 0
plan  505
8 7 6 5 4 3 2 1 0 0 0 0 0 0 0 0 0
plan  506
8 7 6 5 4 3 2 1 0 0 0 0 0 0 0 0 0
plan  507
8 7 6 5 4 3 2 1 0 0 0 0 0 0 0 0 0
plan  508
8 7 6 5 4 3 2 1 0 0 0 0 0 0 0 0 0
plan  509
8 7 6 5 4 3 2 1 0 0 0 0 0 0 0 0 0
plan  510
8 7 6 5 4 3 2 1 0 0 0 0 0 0 0 0 0
plan  511
8 7 6 5 4 3 2 1 0 0 0 0 0 0 0 0 0
plan  512
8 7 6 5 4 3 2 1 0 0 0 0 0 0 0 0 0
plan  513
8 7 6 5 4 3 2 1 0 0 0 0 0 0 0 0 0
